[0.]
[  0.         135.44427729]
[   0.           19.58448505 -167.11151538]
[   0.         -212.71164529   10.28659983  170.56624639]
[   0.           38.53470846  234.91224576  -49.80647854 -145.00428628]
"[   0.           77.31786182  -21.56082528 -184.75115066   16.38284498
   83.92266932]"
"[  0.          19.61551805 -38.69318604 -38.39433489  69.87648563
  12.31423499 -32.0200864 ]"
"[  0.          19.48598671 -32.4384702  -36.82352355  60.83358937
   9.32876641 -28.66575686   1.3944773 ]"
"[ 0.00000000e+00  9.90904368e-01  1.01885447e-02  6.50130147e+01
  3.36370155e+01 -1.13724612e+02 -4.51615560e+01  4.33532641e+01
  1.39928271e+01]"
"[   0.          -39.72415955 -116.73423865  329.29244138  536.18173619
 -368.56152889 -617.01523388   20.57195617  205.03819299   56.55531369]"
"[    0.           -61.86626924    90.83349144   576.98373891
  -238.50891272 -1261.03658187    86.61892491  1005.53318576
   154.48607539  -270.72653533   -86.61632447]"
"[   0.          -24.16577823  194.18357537  228.58468111 -794.47701868
 -506.36751693 1164.56974475  509.82875483 -706.50603368 -276.22210901
  152.06362442   63.18038074]"
"[    0.           -14.90472688   356.51896044   229.86361761
 -1673.38283114  -933.72836742  2649.69683214  1569.41978709
 -1612.02682569 -1163.96418863   239.42188474   308.32846503
    56.22856093]"
"[     0.           -135.28996263    563.41859495   2366.94476846
  -2459.69425737 -10286.71914308    712.95145959  15980.23065714
   5535.42306495  -9704.48048768  -6181.81448157   1391.28890476
   1856.8495113     376.85528401]"
"[     0.             53.04939502    909.47878744   -825.57472195
  -7995.48855708   2517.31070788  26760.62880876   3969.82798574
 -36966.57891466 -16206.87035213  20845.72330326  14506.88658929
  -2692.23500936  -4026.95591444   -820.3773606 ]"
"[     0.             57.22616561    981.4424259    -848.4308707
  -8937.73936222   2001.78565257  30389.53269608   7663.22465728
 -41374.9130635  -23015.08041171  21651.76291933  19179.25775997
  -1210.40762984  -4943.62834401  -1456.53443084   -105.86611752]"
"[ 0.00000000e+00  2.97898812e+01  1.02945841e+03  7.33823140e+01
 -9.20495835e+03 -6.86188914e+03  2.65156744e+04  3.82779429e+04
 -1.35459925e+04 -5.94511413e+04 -2.93372813e+04  2.73450406e+04
  3.37330064e+04  5.27636671e+03 -8.39404229e+03 -4.69163671e+03
 -7.47062303e+02]"
"[ 0.00000000e+00  1.74207408e+02  2.17700447e+03 -3.16135451e+03
 -2.85901754e+04  1.16461051e+04  1.46542563e+05  3.26142153e+04
 -3.42347210e+05 -2.28206517e+05  3.43176827e+05  3.80033004e+05
 -9.00573529e+04 -2.45372559e+05 -5.94965949e+04  4.77867247e+04
  2.86031616e+04  4.43895725e+03]"
"[ 0.00000000e+00  9.84107490e+01  9.34885836e+02 -3.19559685e+03
 -6.89096886e+03  3.58336180e+04  2.01706921e+04 -1.84245853e+05
 -8.50893957e+04  4.72941278e+05  3.49767633e+05 -5.16688578e+05
 -5.81866152e+05  1.51723905e+05  3.88864952e+05  8.95433031e+04
 -7.87270747e+04 -4.59468283e+04 -7.05630235e+03]"
"[ 0.00000000e+00  1.97757233e+03  6.36815116e+04  1.35462572e+05
 -9.94087363e+05 -3.29895804e+06  3.66313964e+06  2.23732180e+07
  7.55194403e+06 -5.77971042e+07 -6.31601473e+07  4.41799998e+07
  1.03465662e+08  2.27930819e+07 -5.71759295e+07 -4.07628690e+07
  1.91633870e+06  1.17610678e+07  4.65505318e+06  5.99271999e+05]"
"[ 1.89838006e+03  1.89860233e+03  5.29050852e+04  8.23409178e+04
 -9.07753437e+05 -2.28226954e+06  4.74268294e+06  1.69995519e+07
 -4.82488169e+06 -5.23357147e+07 -2.42826626e+07  6.84456009e+07
  6.48568625e+07 -3.21481783e+07 -5.91758988e+07 -5.86983714e+06
  2.17355273e+07  8.89447424e+06 -1.90631899e+06 -1.79301770e+06
 -2.95161580e+05]"
"[-1.92987386e+02  1.76715586e+03  4.76649124e+04  7.08978116e+04
 -7.91313758e+05 -1.89715960e+06  3.87029830e+06  1.28366519e+07
 -3.52546717e+06 -3.24806636e+07 -1.25483495e+07  2.66395959e+07
  1.20791504e+07 -5.94210602e+06  1.59339816e+07  1.42217480e+07
 -1.67585884e+07 -1.99813688e+07 -1.19275519e+06  6.10800089e+06
  2.87203097e+06  4.08847247e+05]"
"[-7.71283746e+01  1.68626370e+03  4.10626071e+04  4.30340376e+04
 -7.20011251e+05 -1.34554911e+06  4.11524212e+06  9.71225868e+06
 -7.86129969e+06 -2.70097982e+07  1.09599983e+05  2.69916771e+07
  4.31343717e+06 -4.19343954e+06  1.33775105e+07 -2.47090880e+06
 -2.25960347e+07 -6.28730269e+06  1.02862976e+07  5.71412303e+06
 -8.59705412e+05 -1.16126019e+06 -2.11156498e+05]"
"[-1.11522971e+03  1.58831029e+03  3.77216590e+04  3.73996532e+04
 -6.44497257e+05 -1.14987660e+06  3.49538111e+06  7.68008316e+06
 -6.02122941e+06 -1.79889350e+07  3.69530881e+05  1.02110597e+07
 -3.02154436e+06  4.08671706e+06  1.13396179e+07 -2.58828897e+06
 -8.98428201e+05  6.47619216e+06 -4.84880161e+06 -1.05380578e+07
 -1.72799497e+06  3.46266734e+06  1.90728644e+06  2.96052328e+05]"
"[-1.96285493e+02  1.51854880e+03  3.34244889e+04  2.15967053e+04
 -5.90274471e+05 -8.30017168e+05  3.48247700e+06  5.83366457e+06
 -7.56367822e+06 -1.44583099e+07  4.53904644e+06  8.95466201e+06
 -2.72736604e+06  6.16158150e+06  7.09697451e+06 -5.69971994e+06
  9.18779447e+04  1.69877927e+06 -9.09042262e+06 -4.73757251e+06
  5.26959866e+06  3.84939680e+06 -3.88324455e+05 -8.01537149e+05
 -1.58838561e+05]"
