[0.]
[  0.         -16.69294387]
[  0.         -19.17769389  51.21281022]
[  0.          23.67366322  50.28467187 -18.35752039]
[  0.          17.14235311 -18.94775616 -15.47799256  19.87869739]
"[  0.           9.91896558 -18.7295192   -7.16521473  19.74726407
  -1.87141997]"
"[ 0.         10.432563    1.35679723 -7.31365756  5.00097953 -1.81025799
  2.69197571]"
"[  0.          13.53666303   1.38512963 -14.09892717   4.92232874
   1.92625672   2.70603127  -0.58152941]"
"[  0.          14.30181528  19.38792167 -15.32999037 -19.09943722
   2.44232869  13.07457381  -0.65249527  -1.39299996]"
"[  0.          15.19893907  19.54712412 -18.45247506 -19.30155344
   5.44531841  13.15890655  -1.72385875  -1.40377299   0.12692842]"
"[  0.          15.50213194  25.862145   -19.08904707 -32.23209669
   5.78781536  22.61363052  -1.79117562  -4.23717529   0.13112244
   0.29708448]"
"[  0.          18.02408549  25.61609134 -32.57606461 -31.44446053
  26.13814253  22.03311869 -14.25611103  -4.06991965   3.44898853
   0.28019141  -0.31922366]"
"[   0.           20.90047644   58.9941133   -45.88315892 -128.16859515
   45.21066978  128.78167793  -25.7135569   -57.93324904    6.48832985
   12.83559453   -0.61280931   -1.09650903]"
"[   0.           17.20959201   58.40005244  -18.60579819 -128.3092287
  -12.50329484  130.19685417   26.6466268   -59.16875029  -16.56752252
   13.23182663    4.24755196   -1.13960711   -0.39291737]"
"[ 0.00000000e+00  1.73022094e+01  6.03170615e+01 -1.90546267e+01
 -1.36098893e+02 -1.17522391e+01  1.42511823e+02  2.60408141e+01
 -6.85113123e+01 -1.63037336e+01  1.68702228e+01  4.18844620e+00
 -1.84055325e+00 -3.87660130e-01  5.28865977e-02]"
"[ 0.00000000e+00  1.13051191e+01  5.80701357e+01  3.95702100e+01
 -1.31110458e+02 -1.80562382e+02  1.36651604e+02  2.42396693e+02
 -6.47073427e+01 -1.58855512e+02  1.56162493e+01  5.43770824e+01
 -1.65641980e+00 -9.35320394e+00  4.44574512e-02  6.37995498e-01]"
"[   0.            7.07113765   -8.44437971   71.95295973  219.67714146
 -262.93610553 -600.00085433  339.74029312  706.06439935 -219.52122583
 -424.5621688    75.0405645   137.74033568  -12.99895644  -22.9177654
    0.89868946    1.53340559]"
"[   0.           21.20846495   -7.73460362  -99.57739764  237.9075139
  363.3033732  -659.38416257 -701.34416778  782.08462613  703.49582065
 -474.01431589 -390.14424538  155.0296106   120.57112394  -26.0101987
  -19.43939588    1.7553475     1.27363731]"
"[ 0.00000000e+00  1.89852624e+01 -3.40158246e+01 -7.60072230e+01
  4.07805970e+02  2.81705381e+02 -1.10508103e+03 -5.68542570e+02
  1.37868381e+03  5.86053053e+02 -9.26066196e+02 -3.30353910e+02
  3.56909623e+02  1.03087895e+02 -7.86295151e+01 -1.67155480e+01
  9.15492840e+00  1.09868884e+00 -4.33556167e-01]"
"[ 0.00000000e+00  2.82510067e+01 -3.06776908e+01 -2.13878112e+02
  4.13728110e+02  9.13341806e+02 -1.16099300e+03 -1.90363058e+03
  1.49306462e+03  2.12229516e+03 -1.03810150e+03 -1.36974022e+03
  4.17399713e+02  5.27792990e+02 -9.70140376e+01 -1.19701269e+02
  1.20982340e+01  1.47340123e+01 -6.26388966e-01 -7.58955625e-01]"
"[ 0.00000000e+00  3.02774030e+01  3.23834298e+00 -2.38780250e+02
  1.34167762e+02  1.01735757e+03 -2.17358747e+02 -2.11734759e+03
 -1.52288204e+02  2.37162977e+03  6.18636440e+02 -1.54567147e+03
 -5.98797784e+02  6.04172329e+02  2.88182132e+02 -1.39599294e+02
 -7.59280541e+01  1.75793872e+01  1.04813484e+01 -9.30193231e-01
 -5.94154269e-01]"
"[ 0.00000000e+00  2.19866997e+01 -7.14800862e-01 -9.29637258e+01
  1.32097877e+02  2.05535124e+02 -1.60127714e+02  9.54230621e+00
 -3.02504627e+02 -7.29084174e+02  8.07378727e+02  1.18731328e+03
 -7.35229770e+02 -9.08948964e+02  3.47797913e+02  3.89425843e+02
 -9.14594963e+01 -9.56969389e+01  1.26976092e+01  1.26211806e+01
 -7.27181351e-01 -6.93377489e-01]"
"[ 0.00000000e+00  1.96890695e+01 -1.02800133e+02 -5.79550096e+01
  1.22261843e+03  1.12655092e+01 -4.86342895e+03  5.52263763e+02
  1.01702354e+04 -1.59411573e+03 -1.27992456e+04  2.03143019e+03
  1.02628456e+04 -1.43113322e+03 -5.34358529e+03  5.94780152e+02
  1.79376055e+03 -1.45326577e+02 -3.73596105e+02  1.93227137e+01
  4.38350221e+01 -1.07928607e+00 -2.21172199e+00]"
"[ 0.00000000e+00 -2.64848600e+01 -1.09120033e+02  8.43309535e+02
  1.04307057e+03 -5.71613814e+03 -3.77635255e+03  1.80627135e+04
  7.48024131e+03 -3.20277496e+04 -9.12075742e+03  3.47934313e+04
  7.17738236e+03 -2.42722623e+04 -3.68863076e+03  1.10869842e+04
  1.22371907e+03 -3.29715998e+03 -2.51607637e+02  6.14766858e+02
  2.90804064e+01 -6.52395485e+01 -1.44169187e+00  3.00566282e+00]"
"[ 0.00000000e+00 -2.58346623e+01 -7.40350705e+01  8.20813908e+02
  5.66671136e+02 -5.52241357e+03 -1.24893240e+03  1.73420700e+04
  6.20663369e+02 -3.05847288e+04  1.78547956e+03  3.30561429e+04
 -3.75792847e+03 -2.29405701e+04  3.49959983e+03  1.04212567e+04
 -1.91761790e+03 -3.08094024e+03  6.52428580e+02  5.70804020e+02
 -1.35466332e+02 -6.01595523e+01  1.57206265e+01  2.75125906e+00
 -7.81328732e-01]"
