[0.]
[  0.        -12.2971071]
[  0.         -15.44480067  42.95007492]
[  0.          24.39802547  46.17756409 -18.23579659]
[  0.          19.10374788 -14.33938728 -16.21665064  18.76605826]
"[  0.           6.89601949 -13.46017578  -1.99390355  18.23698057
  -3.34752683]"
"[ 0.          6.36869788 -3.90753468 -1.93841679 10.22869216 -3.23365029
  1.61495221]"
"[  0.          -4.45736087 -13.12884113  26.66689349  17.32522203
 -21.60795539   0.36253482   3.23142133]"
"[  0.          -4.94106899  -6.67734108  28.60683455   6.69901781
 -23.11543349   5.87772975   3.50478443  -0.86535458]"
"[  0.          -3.15644143  -3.07777343  20.63789849   1.09880941
 -13.50590781   8.79645087  -0.75367811  -1.32172825   0.61013884]"
"[ 0.00000000e+00 -2.49315036e+00 -2.34754955e+01  1.21193160e+01
  5.27307146e+01  2.35960383e-02 -3.79877715e+01 -7.70847023e+00
  1.60555037e+01  1.68289471e+00 -2.22659111e+00]"
"[   0.           37.60255519   89.96222428 -268.45466716 -229.03047767
  547.52068107  226.92719004 -439.63924588  -87.04246432  148.90533313
   11.43648474  -17.83721269]"
"[   0.           42.26770777   57.29685315 -318.38231107  -82.47145764
  663.60096976  -10.37140535 -542.95097624   82.56100965  187.47436539
  -43.04842275  -22.80691389    6.35919167]"
"[   0.           31.73003768  -19.7038662  -223.61593087  233.94357029
  366.26885561 -515.32226717 -127.75383457  447.18343386  -90.88412693
 -162.27046426   64.23436251   20.48816523  -10.04562371]"
"[    0.            35.75297935  -118.18133097  -315.83601499
   722.94697983   721.94182272 -1504.71820077  -656.72240523
  1442.27532502   270.95684331  -687.51398089   -49.42053896
   158.75793468     3.03969286   -14.14621911]"
"[    0.            44.35148721   -17.69787763  -401.70863915
   234.66025339  1060.62009626  -527.45153302 -1280.81624335
   474.88917319   864.40723134  -187.46737254  -349.64524923
    30.18597098    79.36538125    -1.2939612     -7.59010302]"
"[     0.            142.6029655     525.12433992  -1758.84962001
  -2069.21259246   7094.58273526   2834.92546169 -12913.04145362
   -692.85904416  12137.75412623  -1607.98699035  -6096.90513488
   1497.36951682   1543.22726836   -493.29442587   -152.99710793
     56.56736027]"
"[     0.            176.80664912   1361.19956232  -1974.38038507
  -7423.08506576   8103.34609019  18426.33867661 -16612.82589643
 -24424.24420484  19265.58492929  18361.86195532 -13173.31269446
  -7804.74955336   5236.91746449   1736.81172849  -1112.52247649
   -155.95182984     96.81009977]"
"[      0.            4199.1707649     8604.15957556  -69663.74282179
  -14261.87941045  356200.41361511  -85977.84350305 -820214.68328747
  331242.21381414 1006762.8652992  -479351.10912938 -704628.6322746
  360881.97688139  281477.43650191 -149673.33533557  -59491.5366431
   32327.76678786    5126.39963053   -2824.87495719]"
"[       0.            23445.74407486    21340.3024207   -378379.81275263
   241346.22046543  1817390.01978246 -1969987.81349591 -3693079.60571943
  5147336.39235743  3590483.98839817 -6643345.86394168 -1478845.35574118
  4758062.17249966  -115855.53950881 -1922688.52994446   330160.90240019
   408914.49765016  -109282.22189523   -35369.66056063    11746.49232729]"
"[ 1.23523520e+02  2.13432269e+04  2.59501909e+04 -3.53183242e+05
  1.35303082e+05  1.78824489e+06 -1.42093718e+06 -4.02985519e+06
  3.98984971e+06  4.78385567e+06 -5.47358085e+06 -3.18308432e+06
  4.22825368e+06  1.16620197e+06 -1.91126297e+06 -2.02805620e+05
  4.93480142e+05  6.12878429e+03 -6.56853065e+04  1.64282577e+03
  3.34745947e+03]"
"[ 9.91403604e+00  2.08314520e+04  2.16702313e+04 -3.25288682e+05
  1.59959738e+05  1.43519171e+06 -1.22589448e+06 -2.45757943e+06
  2.31025171e+06  1.72269873e+06 -1.05908904e+06 -3.50674519e+05
 -1.47792804e+06  1.50844356e+05  2.17837642e+06 -4.45855994e+05
 -1.15980190e+06  3.36001812e+05  2.86030345e+05 -1.00217019e+05
 -2.70799176e+04  1.06624300e+04]"
"[-7.74236446e+01  1.90218218e+04  2.52952963e+04 -3.03590683e+05
  7.82946592e+04  1.40161566e+06 -8.54393996e+05 -2.61460480e+06
  1.73135015e+06  2.08096717e+06 -8.16073967e+05 -2.93847937e+05
 -1.29971947e+06 -5.96935650e+05  2.05406802e+06  3.78997030e+05
 -1.23967082e+06 -7.32806542e+04  3.80560975e+05 -2.11528210e+03
 -5.78777535e+04  1.50509567e+03  3.38044605e+03]"
"[-3.71984424e+01  1.86350295e+04  2.20231810e+04 -2.83494508e+05
  9.91775514e+04  1.16137123e+06 -7.63311372e+05 -1.67485466e+06
  9.81524762e+05  7.14553163e+05  3.79861961e+05  2.52545024e+05
 -1.15545184e+06 -2.64419546e+05 -2.01451090e+04  2.83387285e+05
  9.93324270e+05 -4.26429487e+05 -7.09017691e+05  2.90723337e+05
  2.00283707e+05 -8.61635138e+04 -2.05225810e+04  9.26943123e+03]"
"[-7.78532200e+01  1.71931221e+04  2.46938193e+04 -2.66220834e+05
  3.98522662e+04  1.13080840e+06 -5.23293979e+05 -1.74447644e+06
  7.15434007e+05  7.92122127e+05  3.36629615e+05  4.68167451e+05
 -9.86092465e+05 -4.73488816e+05 -2.99622152e+04  6.89213967e+03
  9.97937970e+05  7.85359805e+04 -8.13440449e+05 -6.12697385e+03
  2.90020703e+05 -8.31109766e+03 -4.88464650e+04  1.58957272e+03
  3.11774154e+03]"
