[1.],[1.],[1.],[1.],[1.],[1.],[1.],[1.],[1.],[1.],[1.],[1.],[1.],[1.],[1.],[1.],[1.],[1.],[1.],[1.]
[1.       0.246119],[1.      0.87242],[1.     0.2192],[1.       1.809242],[ 1.       -0.923474],[1.       1.006063],[ 1.      -1.41848],[ 1.      -1.24184],[ 1.       -1.278768],[ 1.      -0.32844],[1.       0.599934],[1.       1.248036],[1.       1.645741],[1.       0.990873],[1.       1.681223],[1.       0.242633],[1.      1.38482],[ 1.       -1.858806],[ 1.       -0.559941],[ 1.       -1.318246]
[1.         0.246119   0.06057456],[1.         0.87242    0.76111666],[1.         0.2192     0.04804864],[1.         1.809242   3.27335661],[ 1.         -0.923474    0.85280423],[1.         1.006063   1.01216276],[ 1.         -1.41848     2.01208551],[ 1.         -1.24184     1.54216659],[ 1.        -1.278768   1.6352476],[ 1.         -0.32844     0.10787283],[1.        0.599934  0.3599208],[1.         1.248036   1.55759386],[1.         1.645741   2.70846344],[1.        0.990873  0.9818293],[1.         1.681223   2.82651078],[1.         0.242633   0.05887077],[1.         1.38482    1.91772643],[ 1.         -1.858806    3.45515975],[ 1.         -0.559941    0.31353392],[ 1.         -1.318246    1.73777252]
[1.         0.246119   0.06057456 0.01490855],[1.         0.87242    0.76111666 0.66401339],[1.         0.2192     0.04804864 0.01053226],[1.         1.809242   3.27335661 5.92229427],[ 1.         -0.923474    0.85280423 -0.78754253],[1.         1.006063   1.01216276 1.0182995 ],[ 1.         -1.41848     2.01208551 -2.85410305],[ 1.         -1.24184     1.54216659 -1.91512415],[ 1.        -1.278768   1.6352476 -2.0911023],[ 1.         -0.32844     0.10787283 -0.03542975],[1.         0.599934   0.3599208  0.21592873],[1.         1.248036   1.55759386 1.94393321],[1.         1.645741   2.70846344 4.45742933],[1.         0.990873   0.9818293  0.97286815],[1.         1.681223   2.82651078 4.75199493],[1.         0.242633   0.05887077 0.01428399],[1.         1.38482    1.91772643 2.65570592],[ 1.         -1.858806    3.45515975 -6.42247167],[ 1.         -0.559941    0.31353392 -0.1755605 ],[ 1.         -1.318246    1.73777252 -2.29081167]
[1.         0.246119   0.06057456 0.01490855 0.00366928],[1.         0.87242    0.76111666 0.66401339 0.57929856],[1.         0.2192     0.04804864 0.01053226 0.00230867],[ 1.          1.809242    3.27335661  5.92229427 10.71486353],[ 1.         -0.923474    0.85280423 -0.78754253  0.72727505],[1.         1.006063   1.01216276 1.0182995  1.02447345],[ 1.         -1.41848     2.01208551 -2.85410305  4.0484881 ],[ 1.         -1.24184     1.54216659 -1.91512415  2.37827778],[ 1.         -1.278768    1.6352476  -2.0911023   2.67403471],[ 1.         -0.32844     0.10787283 -0.03542975  0.01163655],[1.         0.599934   0.3599208  0.21592873 0.12954299],[1.         1.248036   1.55759386 1.94393321 2.42609862],[1.         1.645741   2.70846344 4.45742933 7.3357742 ],[1.         0.990873   0.9818293  0.97286815 0.96398878],[1.         1.681223   2.82651078 4.75199493 7.98916317],[1.         0.242633   0.05887077 0.01428399 0.00346577],[1.         1.38482    1.91772643 2.65570592 3.67767467],[ 1.         -1.858806    3.45515975 -6.42247167 11.93812887],[ 1.         -0.559941    0.31353392 -0.1755605   0.09830352],[ 1.         -1.318246    1.73777252 -2.29081167  3.01985332]
"[1.00000000e+00 2.46119000e-01 6.05745622e-02 1.49085507e-02
 3.66927758e-03 9.03078929e-04]",[1.         0.87242    0.76111666 0.66401339 0.57929856 0.50539165],"[1.00000000e+00 2.19200000e-01 4.80486400e-02 1.05322619e-02
 2.30867181e-03 5.06060860e-04]",[ 1.          1.809242    3.27335661  5.92229427 10.71486353 19.38578112],[ 1.         -0.923474    0.85280423 -0.78754253  0.72727505 -0.6716196 ],[1.         1.006063   1.01216276 1.0182995  1.02447345 1.03068484],[ 1.         -1.41848     2.01208551 -2.85410305  4.0484881  -5.7426994 ],[ 1.         -1.24184     1.54216659 -1.91512415  2.37827778 -2.95344048],[ 1.         -1.278768    1.6352476  -2.0911023   2.67403471 -3.41947001],[ 1.         -0.32844     0.10787283 -0.03542975  0.01163655 -0.00382191],[1.         0.599934   0.3599208  0.21592873 0.12954299 0.07771724],[1.         1.248036   1.55759386 1.94393321 2.42609862 3.02785842],[ 1.          1.645741    2.70846344  4.45742933  7.3357742  12.07278437],[1.         0.990873   0.9818293  0.97286815 0.96398878 0.95519045],[ 1.          1.681223    2.82651078  4.75199493  7.98916317 13.43156486],"[1.00000000e+00 2.42633000e-01 5.88707727e-02 1.42839922e-02
 3.46576788e-03 8.40909657e-04]",[1.         1.38482    1.91772643 2.65570592 3.67767467 5.09291744],"[  1.          -1.858806     3.45515975  -6.42247167  11.93812887
 -22.19066557]",[ 1.         -0.559941    0.31353392 -0.1755605   0.09830352 -0.05504417],[ 1.         -1.318246    1.73777252 -2.29081167  3.01985332 -3.98090956]
"[1.00000000e+00 2.46119000e-01 6.05745622e-02 1.49085507e-02
 3.66927758e-03 9.03078929e-04 2.22264883e-04]","[1.         0.87242    0.76111666 0.66401339 0.57929856 0.50539165
 0.44091379]","[1.00000000e+00 2.19200000e-01 4.80486400e-02 1.05322619e-02
 2.30867181e-03 5.06060860e-04 1.10928540e-04]","[ 1.          1.809242    3.27335661  5.92229427 10.71486353 19.38578112
 35.0735694 ]","[ 1.         -0.923474    0.85280423 -0.78754253  0.72727505 -0.6716196
  0.62022324]","[1.         1.006063   1.01216276 1.0182995  1.02447345 1.03068484
 1.03693388]","[ 1.         -1.41848     2.01208551 -2.85410305  4.0484881  -5.7426994
  8.14590425]","[ 1.         -1.24184     1.54216659 -1.91512415  2.37827778 -2.95344048
  3.66770052]","[ 1.         -1.278768    1.6352476  -2.0911023   2.67403471 -3.41947001
  4.37270883]","[ 1.         -0.32844     0.10787283 -0.03542975  0.01163655 -0.00382191
  0.00125527]","[1.         0.599934   0.3599208  0.21592873 0.12954299 0.07771724
 0.04662522]","[1.         1.248036   1.55759386 1.94393321 2.42609862 3.02785842
 3.77887631]","[ 1.          1.645741    2.70846344  4.45742933  7.3357742  12.07278437
 19.86867622]","[1.         0.990873   0.9818293  0.97286815 0.96398878 0.95519045
 0.94647243]","[ 1.          1.681223    2.82651078  4.75199493  7.98916317 13.43156486
 22.58145578]","[1.00000000e+00 2.42633000e-01 5.88707727e-02 1.42839922e-02
 3.46576788e-03 8.40909657e-04 2.04032433e-04]","[1.         1.38482    1.91772643 2.65570592 3.67767467 5.09291744
 7.05277392]","[  1.          -1.858806     3.45515975  -6.42247167  11.93812887
 -22.19066557  41.2481423 ]","[ 1.         -0.559941    0.31353392 -0.1755605   0.09830352 -0.05504417
  0.03082149]","[ 1.         -1.318246    1.73777252 -2.29081167  3.01985332 -3.98090956
  5.2478181 ]"
"[1.00000000e+00 2.46119000e-01 6.05745622e-02 1.49085507e-02
 3.66927758e-03 9.03078929e-04 2.22264883e-04 5.47036107e-05]","[1.         0.87242    0.76111666 0.66401339 0.57929856 0.50539165
 0.44091379 0.38466201]","[1.00000000e+00 2.19200000e-01 4.80486400e-02 1.05322619e-02
 2.30867181e-03 5.06060860e-04 1.10928540e-04 2.43155361e-05]","[ 1.          1.809242    3.27335661  5.92229427 10.71486353 19.38578112
 35.0735694  63.45657484]","[ 1.         -0.923474    0.85280423 -0.78754253  0.72727505 -0.6716196
  0.62022324 -0.57276004]","[1.         1.006063   1.01216276 1.0182995  1.02447345 1.03068484
 1.03693388 1.04322081]","[  1.          -1.41848      2.01208551  -2.85410305   4.0484881
  -5.7426994    8.14590425 -11.55480226]","[ 1.         -1.24184     1.54216659 -1.91512415  2.37827778 -2.95344048
  3.66770052 -4.55469721]","[ 1.         -1.278768    1.6352476  -2.0911023   2.67403471 -3.41947001
  4.37270883 -5.59168012]","[ 1.00000000e+00 -3.28440000e-01  1.07872834e-01 -3.54297535e-02
  1.16365482e-02 -3.82190790e-03  1.25526743e-03 -4.12280035e-04]","[1.         0.599934   0.3599208  0.21592873 0.12954299 0.07771724
 0.04662522 0.02797205]","[1.         1.248036   1.55759386 1.94393321 2.42609862 3.02785842
 3.77887631 4.71617368]","[ 1.          1.645741    2.70846344  4.45742933  7.3357742  12.07278437
 19.86867622 32.69869507]","[1.         0.990873   0.9818293  0.97286815 0.96398878 0.95519045
 0.94647243 0.93783398]","[ 1.          1.681223    2.82651078  4.75199493  7.98916317 13.43156486
 22.58145578 37.96446282]","[1.00000000e+00 2.42633000e-01 5.88707727e-02 1.42839922e-02
 3.46576788e-03 8.40909657e-04 2.04032433e-04 4.95050013e-05]","[1.         1.38482    1.91772643 2.65570592 3.67767467 5.09291744
 7.05277392 9.76682238]","[  1.          -1.858806     3.45515975  -6.42247167  11.93812887
 -22.19066557  41.2481423  -76.6722944 ]","[ 1.         -0.559941    0.31353392 -0.1755605   0.09830352 -0.05504417
  0.03082149 -0.01725822]","[ 1.         -1.318246    1.73777252 -2.29081167  3.01985332 -3.98090956
  5.2478181  -6.91791522]"
"[1.00000000e+00 2.46119000e-01 6.05745622e-02 1.49085507e-02
 3.66927758e-03 9.03078929e-04 2.22264883e-04 5.47036107e-05
 1.34635980e-05]","[1.         0.87242    0.76111666 0.66401339 0.57929856 0.50539165
 0.44091379 0.38466201 0.33558683]","[1.00000000e+00 2.19200000e-01 4.80486400e-02 1.05322619e-02
 2.30867181e-03 5.06060860e-04 1.10928540e-04 2.43155361e-05
 5.32996551e-06]","[  1.           1.809242     3.27335661   5.92229427  10.71486353
  19.38578112  35.0735694   63.45657484 114.80830038]","[ 1.         -0.923474    0.85280423 -0.78754253  0.72727505 -0.6716196
  0.62022324 -0.57276004  0.528929  ]","[1.         1.006063   1.01216276 1.0182995  1.02447345 1.03068484
 1.03693388 1.04322081 1.04954586]","[  1.          -1.41848      2.01208551  -2.85410305   4.0484881
  -5.7426994    8.14590425 -11.55480226  16.39025591]","[ 1.         -1.24184     1.54216659 -1.91512415  2.37827778 -2.95344048
  3.66770052 -4.55469721  5.65620519]","[ 1.         -1.278768    1.6352476  -2.0911023   2.67403471 -3.41947001
  4.37270883 -5.59168012  7.15046161]","[ 1.00000000e+00 -3.28440000e-01  1.07872834e-01 -3.54297535e-02
  1.16365482e-02 -3.82190790e-03  1.25526743e-03 -4.12280035e-04
  1.35409255e-04]","[1.         0.599934   0.3599208  0.21592873 0.12954299 0.07771724
 0.04662522 0.02797205 0.01678139]","[1.         1.248036   1.55759386 1.94393321 2.42609862 3.02785842
 3.77887631 4.71617368 5.88595453]","[ 1.          1.645741    2.70846344  4.45742933  7.3357742  12.07278437
 19.86867622 32.69869507 53.81358313]","[1.         0.990873   0.9818293  0.97286815 0.96398878 0.95519045
 0.94647243 0.93783398 0.92927437]","[ 1.          1.681223    2.82651078  4.75199493  7.98916317 13.43156486
 22.58145578 37.96446282 63.82672808]","[1.00000000e+00 2.42633000e-01 5.88707727e-02 1.42839922e-02
 3.46576788e-03 8.40909657e-04 2.04032433e-04 4.95050013e-05
 1.20115470e-05]","[ 1.          1.38482     1.91772643  2.65570592  3.67767467  5.09291744
  7.05277392  9.76682238 13.52529097]","[  1.          -1.858806     3.45515975  -6.42247167  11.93812887
 -22.19066557  41.2481423  -76.6722944  142.51892087]","[ 1.         -0.559941    0.31353392 -0.1755605   0.09830352 -0.05504417
  0.03082149 -0.01725822  0.00966358]","[ 1.         -1.318246    1.73777252 -2.29081167  3.01985332 -3.98090956
  5.2478181  -6.91791522  9.11951407]"
"[1.00000000e+00 2.46119000e-01 6.05745622e-02 1.49085507e-02
 3.66927758e-03 9.03078929e-04 2.22264883e-04 5.47036107e-05
 1.34635980e-05 3.31364727e-06]","[1.         0.87242    0.76111666 0.66401339 0.57929856 0.50539165
 0.44091379 0.38466201 0.33558683 0.29277266]","[1.00000000e+00 2.19200000e-01 4.80486400e-02 1.05322619e-02
 2.30867181e-03 5.06060860e-04 1.10928540e-04 2.43155361e-05
 5.32996551e-06 1.16832844e-06]","[  1.           1.809242     3.27335661   5.92229427  10.71486353
  19.38578112  35.0735694   63.45657484 114.80830038 207.715999  ]","[ 1.         -0.923474    0.85280423 -0.78754253  0.72727505 -0.6716196
  0.62022324 -0.57276004  0.528929   -0.48845218]","[1.         1.006063   1.01216276 1.0182995  1.02447345 1.03068484
 1.03693388 1.04322081 1.04954586 1.05590925]","[  1.          -1.41848      2.01208551  -2.85410305   4.0484881
  -5.7426994    8.14590425 -11.55480226  16.39025591 -23.2492502 ]","[ 1.         -1.24184     1.54216659 -1.91512415  2.37827778 -2.95344048
  3.66770052 -4.55469721  5.65620519 -7.02410185]","[ 1.         -1.278768    1.6352476  -2.0911023   2.67403471 -3.41947001
  4.37270883 -5.59168012  7.15046161 -9.14378149]","[ 1.00000000e+00 -3.28440000e-01  1.07872834e-01 -3.54297535e-02
  1.16365482e-02 -3.82190790e-03  1.25526743e-03 -4.12280035e-04
  1.35409255e-04 -4.44738156e-05]","[1.         0.599934   0.3599208  0.21592873 0.12954299 0.07771724
 0.04662522 0.02797205 0.01678139 0.01006772]","[1.         1.248036   1.55759386 1.94393321 2.42609862 3.02785842
 3.77887631 4.71617368 5.88595453 7.34588315]","[ 1.          1.645741    2.70846344  4.45742933  7.3357742  12.07278437
 19.86867622 32.69869507 53.81358313 88.56322011]","[1.         0.990873   0.9818293  0.97286815 0.96398878 0.95519045
 0.94647243 0.93783398 0.92927437 0.92079288]","[  1.           1.681223     2.82651078   4.75199493   7.98916317
  13.43156486  22.58145578  37.96446282  63.82672808 107.30696327]","[1.00000000e+00 2.42633000e-01 5.88707727e-02 1.42839922e-02
 3.46576788e-03 8.40909657e-04 2.04032433e-04 4.95050013e-05
 1.20115470e-05 2.91439768e-06]","[ 1.          1.38482     1.91772643  2.65570592  3.67767467  5.09291744
  7.05277392  9.76682238 13.52529097 18.73009345]","[   1.           -1.858806      3.45515975   -6.42247167   11.93812887
  -22.19066557   41.2481423   -76.6722944   142.51892087 -264.91502522]","[ 1.         -0.559941    0.31353392 -0.1755605   0.09830352 -0.05504417
  0.03082149 -0.01725822  0.00966358 -0.00541104]","[  1.          -1.318246     1.73777252  -2.29081167   3.01985332
  -3.98090956   5.2478181   -6.91791522   9.11951407 -12.02176294]"
"[1.00000000e+00 2.46119000e-01 6.05745622e-02 1.49085507e-02
 3.66927758e-03 9.03078929e-04 2.22264883e-04 5.47036107e-05
 1.34635980e-05 3.31364727e-06 8.15551552e-07]","[1.         0.87242    0.76111666 0.66401339 0.57929856 0.50539165
 0.44091379 0.38466201 0.33558683 0.29277266 0.25542072]","[1.00000000e+00 2.19200000e-01 4.80486400e-02 1.05322619e-02
 2.30867181e-03 5.06060860e-04 1.10928540e-04 2.43155361e-05
 5.32996551e-06 1.16832844e-06 2.56097594e-07]","[  1.           1.809242     3.27335661   5.92229427  10.71486353
  19.38578112  35.0735694   63.45657484 114.80830038 207.715999
 375.80850947]","[ 1.         -0.923474    0.85280423 -0.78754253  0.72727505 -0.6716196
  0.62022324 -0.57276004  0.528929   -0.48845218  0.45107289]","[1.         1.006063   1.01216276 1.0182995  1.02447345 1.03068484
 1.03693388 1.04322081 1.04954586 1.05590925 1.06231123]","[  1.          -1.41848      2.01208551  -2.85410305   4.0484881
  -5.7426994    8.14590425 -11.55480226  16.39025591 -23.2492502
  32.97859642]","[ 1.         -1.24184     1.54216659 -1.91512415  2.37827778 -2.95344048
  3.66770052 -4.55469721  5.65620519 -7.02410185  8.72281064]","[ 1.         -1.278768    1.6352476  -2.0911023   2.67403471 -3.41947001
  4.37270883 -5.59168012  7.15046161 -9.14378149 11.69277517]","[ 1.00000000e+00 -3.28440000e-01  1.07872834e-01 -3.54297535e-02
  1.16365482e-02 -3.82190790e-03  1.25526743e-03 -4.12280035e-04
  1.35409255e-04 -4.44738156e-05  1.46069800e-05]","[1.         0.599934   0.3599208  0.21592873 0.12954299 0.07771724
 0.04662522 0.02797205 0.01678139 0.01006772 0.00603997]","[1.         1.248036   1.55759386 1.94393321 2.42609862 3.02785842
 3.77887631 4.71617368 5.88595453 7.34588315 9.16792663]","[  1.           1.645741     2.70846344   4.45742933   7.3357742
  12.07278437  19.86867622  32.69869507  53.81358313  88.56322011
 145.75212242]","[1.         0.990873   0.9818293  0.97286815 0.96398878 0.95519045
 0.94647243 0.93783398 0.92927437 0.92079288 0.9123888 ]","[  1.           1.681223     2.82651078   4.75199493   7.98916317
  13.43156486  22.58145578  37.96446282  63.82672808 107.30696327
 180.4069347 ]","[1.00000000e+00 2.42633000e-01 5.88707727e-02 1.42839922e-02
 3.46576788e-03 8.40909657e-04 2.04032433e-04 4.95050013e-05
 1.20115470e-05 2.91439768e-06 7.07129052e-07]","[ 1.          1.38482     1.91772643  2.65570592  3.67767467  5.09291744
  7.05277392  9.76682238 13.52529097 18.73009345 25.93780801]","[   1.           -1.858806      3.45515975   -6.42247167   11.93812887
  -22.19066557   41.2481423   -76.6722944   142.51892087 -264.91502522
  492.42563837]","[ 1.         -0.559941    0.31353392 -0.1755605   0.09830352 -0.05504417
  0.03082149 -0.01725822  0.00966358 -0.00541104  0.00302986]","[  1.          -1.318246     1.73777252  -2.29081167   3.01985332
  -3.98090956   5.2478181   -6.91791522   9.11951407 -12.02176294
  15.84764091]"
"[1.00000000e+00 2.46119000e-01 6.05745622e-02 1.49085507e-02
 3.66927758e-03 9.03078929e-04 2.22264883e-04 5.47036107e-05
 1.34635980e-05 3.31364727e-06 8.15551552e-07 2.00722732e-07]","[1.         0.87242    0.76111666 0.66401339 0.57929856 0.50539165
 0.44091379 0.38466201 0.33558683 0.29277266 0.25542072 0.22283415]","[1.00000000e+00 2.19200000e-01 4.80486400e-02 1.05322619e-02
 2.30867181e-03 5.06060860e-04 1.10928540e-04 2.43155361e-05
 5.32996551e-06 1.16832844e-06 2.56097594e-07 5.61365926e-08]","[  1.           1.809242     3.27335661   5.92229427  10.71486353
  19.38578112  35.0735694   63.45657484 114.80830038 207.715999
 375.80850947 679.92853928]","[ 1.         -0.923474    0.85280423 -0.78754253  0.72727505 -0.6716196
  0.62022324 -0.57276004  0.528929   -0.48845218  0.45107289 -0.41655409]","[1.         1.006063   1.01216276 1.0182995  1.02447345 1.03068484
 1.03693388 1.04322081 1.04954586 1.05590925 1.06231123 1.06875202]","[  1.          -1.41848      2.01208551  -2.85410305   4.0484881
  -5.7426994    8.14590425 -11.55480226  16.39025591 -23.2492502
  32.97859642 -46.77947945]","[  1.          -1.24184      1.54216659  -1.91512415   2.37827778
  -2.95344048   3.66770052  -4.55469721   5.65620519  -7.02410185
   8.72281064 -10.83233517]","[  1.          -1.278768     1.6352476   -2.0911023    2.67403471
  -3.41947001   4.37270883  -5.59168012   7.15046161  -9.14378149
  11.69277517 -14.95234672]","[ 1.00000000e+00 -3.28440000e-01  1.07872834e-01 -3.54297535e-02
  1.16365482e-02 -3.82190790e-03  1.25526743e-03 -4.12280035e-04
  1.35409255e-04 -4.44738156e-05  1.46069800e-05 -4.79751651e-06]","[1.         0.599934   0.3599208  0.21592873 0.12954299 0.07771724
 0.04662522 0.02797205 0.01678139 0.01006772 0.00603997 0.00362358]","[ 1.          1.248036    1.55759386  1.94393321  2.42609862  3.02785842
  3.77887631  4.71617368  5.88595453  7.34588315  9.16792663 11.44190248]","[  1.           1.645741     2.70846344   4.45742933   7.3357742
  12.07278437  19.86867622  32.69869507  53.81358313  88.56322011
 145.75212242 239.87024371]","[1.         0.990873   0.9818293  0.97286815 0.96398878 0.95519045
 0.94647243 0.93783398 0.92927437 0.92079288 0.9123888  0.90406143]","[  1.           1.681223     2.82651078   4.75199493   7.98916317
  13.43156486  22.58145578  37.96446282  63.82672808 107.30696327
 180.4069347  303.30428798]","[1.00000000e+00 2.42633000e-01 5.88707727e-02 1.42839922e-02
 3.46576788e-03 8.40909657e-04 2.04032433e-04 4.95050013e-05
 1.20115470e-05 2.91439768e-06 7.07129052e-07 1.71572843e-07]","[ 1.          1.38482     1.91772643  2.65570592  3.67767467  5.09291744
  7.05277392  9.76682238 13.52529097 18.73009345 25.93780801 35.91919529]","[   1.           -1.858806      3.45515975   -6.42247167   11.93812887
  -22.19066557   41.2481423   -76.6722944   142.51892087 -264.91502522
  492.42563837 -915.32373115]","[ 1.         -0.559941    0.31353392 -0.1755605   0.09830352 -0.05504417
  0.03082149 -0.01725822  0.00966358 -0.00541104  0.00302986 -0.00169654]","[  1.          -1.318246     1.73777252  -2.29081167   3.01985332
  -3.98090956   5.2478181   -6.91791522   9.11951407 -12.02176294
  15.84764091 -20.89108924]"
"[1.00000000e+00 2.46119000e-01 6.05745622e-02 1.49085507e-02
 3.66927758e-03 9.03078929e-04 2.22264883e-04 5.47036107e-05
 1.34635980e-05 3.31364727e-06 8.15551552e-07 2.00722732e-07
 4.94016782e-08]","[1.         0.87242    0.76111666 0.66401339 0.57929856 0.50539165
 0.44091379 0.38466201 0.33558683 0.29277266 0.25542072 0.22283415
 0.19440497]","[1.00000000e+00 2.19200000e-01 4.80486400e-02 1.05322619e-02
 2.30867181e-03 5.06060860e-04 1.10928540e-04 2.43155361e-05
 5.32996551e-06 1.16832844e-06 2.56097594e-07 5.61365926e-08
 1.23051411e-08]","[1.00000000e+00 1.80924200e+00 3.27335661e+00 5.92229427e+00
 1.07148635e+01 1.93857811e+01 3.50735694e+01 6.34565748e+01
 1.14808300e+02 2.07715999e+02 3.75808509e+02 6.79928539e+02
 1.23015527e+03]","[ 1.         -0.923474    0.85280423 -0.78754253  0.72727505 -0.6716196
  0.62022324 -0.57276004  0.528929   -0.48845218  0.45107289 -0.41655409
  0.38467687]","[1.         1.006063   1.01216276 1.0182995  1.02447345 1.03068484
 1.03693388 1.04322081 1.04954586 1.05590925 1.06231123 1.06875202
 1.07523187]","[  1.          -1.41848      2.01208551  -2.85410305   4.0484881
  -5.7426994    8.14590425 -11.55480226  16.39025591 -23.2492502
  32.97859642 -46.77947945  66.35575601]","[  1.          -1.24184      1.54216659  -1.91512415   2.37827778
  -2.95344048   3.66770052  -4.55469721   5.65620519  -7.02410185
   8.72281064 -10.83233517  13.45202711]","[  1.          -1.278768     1.6352476   -2.0911023    2.67403471
  -3.41947001   4.37270883  -5.59168012   7.15046161  -9.14378149
  11.69277517 -14.95234672  19.12058251]","[ 1.00000000e+00 -3.28440000e-01  1.07872834e-01 -3.54297535e-02
  1.16365482e-02 -3.82190790e-03  1.25526743e-03 -4.12280035e-04
  1.35409255e-04 -4.44738156e-05  1.46069800e-05 -4.79751651e-06
  1.57569632e-06]","[1.         0.599934   0.3599208  0.21592873 0.12954299 0.07771724
 0.04662522 0.02797205 0.01678139 0.01006772 0.00603997 0.00362358
 0.00217391]","[ 1.          1.248036    1.55759386  1.94393321  2.42609862  3.02785842
  3.77887631  4.71617368  5.88595453  7.34588315  9.16792663 11.44190248
 14.2799062 ]","[  1.           1.645741     2.70846344   4.45742933   7.3357742
  12.07278437  19.86867622  32.69869507  53.81358313  88.56322011
 145.75212242 239.87024371 394.76429475]","[1.         0.990873   0.9818293  0.97286815 0.96398878 0.95519045
 0.94647243 0.93783398 0.92927437 0.92079288 0.9123888  0.90406143
 0.89581006]","[  1.           1.681223     2.82651078   4.75199493   7.98916317
  13.43156486  22.58145578  37.96446282  63.82672808 107.30696327
 180.4069347  303.30428798 509.92214495]","[1.00000000e+00 2.42633000e-01 5.88707727e-02 1.42839922e-02
 3.46576788e-03 8.40909657e-04 2.04032433e-04 4.95050013e-05
 1.20115470e-05 2.91439768e-06 7.07129052e-07 1.71572843e-07
 4.16292337e-08]","[ 1.          1.38482     1.91772643  2.65570592  3.67767467  5.09291744
  7.05277392  9.76682238 13.52529097 18.73009345 25.93780801 35.91919529
 49.74162002]","[ 1.00000000e+00 -1.85880600e+00  3.45515975e+00 -6.42247167e+00
  1.19381289e+01 -2.21906656e+01  4.12481423e+01 -7.66722944e+01
  1.42518921e+02 -2.64915025e+02  4.92425638e+02 -9.15323731e+02
  1.70140924e+03]","[ 1.00000000e+00 -5.59941000e-01  3.13533923e-01 -1.75560499e-01
  9.83035212e-02 -5.50441719e-02  3.08214887e-02 -1.72582152e-02
  9.66358228e-03 -5.41103592e-03  3.02986087e-03 -1.69654332e-03
  9.49964165e-04]","[  1.          -1.318246     1.73777252  -2.29081167   3.01985332
  -3.98090956   5.2478181   -6.91791522   9.11951407 -12.02176294
  15.84764091 -20.89108924  27.53959483]"
"[1.00000000e+00 2.46119000e-01 6.05745622e-02 1.49085507e-02
 3.66927758e-03 9.03078929e-04 2.22264883e-04 5.47036107e-05
 1.34635980e-05 3.31364727e-06 8.15551552e-07 2.00722732e-07
 4.94016782e-08 1.21586916e-08]","[1.         0.87242    0.76111666 0.66401339 0.57929856 0.50539165
 0.44091379 0.38466201 0.33558683 0.29277266 0.25542072 0.22283415
 0.19440497 0.16960278]","[1.00000000e+00 2.19200000e-01 4.80486400e-02 1.05322619e-02
 2.30867181e-03 5.06060860e-04 1.10928540e-04 2.43155361e-05
 5.32996551e-06 1.16832844e-06 2.56097594e-07 5.61365926e-08
 1.23051411e-08 2.69728693e-09]","[1.00000000e+00 1.80924200e+00 3.27335661e+00 5.92229427e+00
 1.07148635e+01 1.93857811e+01 3.50735694e+01 6.34565748e+01
 1.14808300e+02 2.07715999e+02 3.75808509e+02 6.79928539e+02
 1.23015527e+03 2.22564858e+03]","[ 1.         -0.923474    0.85280423 -0.78754253  0.72727505 -0.6716196
  0.62022324 -0.57276004  0.528929   -0.48845218  0.45107289 -0.41655409
  0.38467687 -0.35523909]","[1.         1.006063   1.01216276 1.0182995  1.02447345 1.03068484
 1.03693388 1.04322081 1.04954586 1.05590925 1.06231123 1.06875202
 1.07523187 1.081751  ]","[  1.          -1.41848      2.01208551  -2.85410305   4.0484881
  -5.7426994    8.14590425 -11.55480226  16.39025591 -23.2492502
  32.97859642 -46.77947945  66.35575601 -94.12431278]","[  1.          -1.24184      1.54216659  -1.91512415   2.37827778
  -2.95344048   3.66770052  -4.55469721   5.65620519  -7.02410185
   8.72281064 -10.83233517  13.45202711 -16.70526534]","[  1.          -1.278768     1.6352476   -2.0911023    2.67403471
  -3.41947001   4.37270883  -5.59168012   7.15046161  -9.14378149
  11.69277517 -14.95234672  19.12058251 -24.45078906]","[ 1.00000000e+00 -3.28440000e-01  1.07872834e-01 -3.54297535e-02
  1.16365482e-02 -3.82190790e-03  1.25526743e-03 -4.12280035e-04
  1.35409255e-04 -4.44738156e-05  1.46069800e-05 -4.79751651e-06
  1.57569632e-06 -5.17521700e-07]","[1.         0.599934   0.3599208  0.21592873 0.12954299 0.07771724
 0.04662522 0.02797205 0.01678139 0.01006772 0.00603997 0.00362358
 0.00217391 0.0013042 ]","[ 1.          1.248036    1.55759386  1.94393321  2.42609862  3.02785842
  3.77887631  4.71617368  5.88595453  7.34588315  9.16792663 11.44190248
 14.2799062  17.82183701]","[  1.           1.645741     2.70846344   4.45742933   7.3357742
  12.07278437  19.86867622  32.69869507  53.81358313  88.56322011
 145.75212242 239.87024371 394.76429475 649.6797852 ]","[1.         0.990873   0.9818293  0.97286815 0.96398878 0.95519045
 0.94647243 0.93783398 0.92927437 0.92079288 0.9123888  0.90406143
 0.89581006 0.887634  ]","[  1.           1.681223     2.82651078   4.75199493   7.98916317
  13.43156486  22.58145578  37.96446282  63.82672808 107.30696327
 180.4069347  303.30428798 509.92214495 857.29283831]","[1.00000000e+00 2.42633000e-01 5.88707727e-02 1.42839922e-02
 3.46576788e-03 8.40909657e-04 2.04032433e-04 4.95050013e-05
 1.20115470e-05 2.91439768e-06 7.07129052e-07 1.71572843e-07
 4.16292337e-08 1.01006259e-08]","[ 1.          1.38482     1.91772643  2.65570592  3.67767467  5.09291744
  7.05277392  9.76682238 13.52529097 18.73009345 25.93780801 35.91919529
 49.74162002 68.88319023]","[ 1.00000000e+00 -1.85880600e+00  3.45515975e+00 -6.42247167e+00
  1.19381289e+01 -2.21906656e+01  4.12481423e+01 -7.66722944e+01
  1.42518921e+02 -2.64915025e+02  4.92425638e+02 -9.15323731e+02
  1.70140924e+03 -3.16258971e+03]","[ 1.00000000e+00 -5.59941000e-01  3.13533923e-01 -1.75560499e-01
  9.83035212e-02 -5.50441719e-02  3.08214887e-02 -1.72582152e-02
  9.66358228e-03 -5.41103592e-03  3.02986087e-03 -1.69654332e-03
  9.49964165e-04 -5.31923884e-04]","[  1.          -1.318246     1.73777252  -2.29081167   3.01985332
  -3.98090956   5.2478181   -6.91791522   9.11951407 -12.02176294
  15.84764091 -20.89108924  27.53959483 -36.30396073]"
"[1.00000000e+00 2.46119000e-01 6.05745622e-02 1.49085507e-02
 3.66927758e-03 9.03078929e-04 2.22264883e-04 5.47036107e-05
 1.34635980e-05 3.31364727e-06 8.15551552e-07 2.00722732e-07
 4.94016782e-08 1.21586916e-08 2.99248503e-09]","[1.         0.87242    0.76111666 0.66401339 0.57929856 0.50539165
 0.44091379 0.38466201 0.33558683 0.29277266 0.25542072 0.22283415
 0.19440497 0.16960278 0.14796486]","[1.00000000e+00 2.19200000e-01 4.80486400e-02 1.05322619e-02
 2.30867181e-03 5.06060860e-04 1.10928540e-04 2.43155361e-05
 5.32996551e-06 1.16832844e-06 2.56097594e-07 5.61365926e-08
 1.23051411e-08 2.69728693e-09 5.91245295e-10]","[1.00000000e+00 1.80924200e+00 3.27335661e+00 5.92229427e+00
 1.07148635e+01 1.93857811e+01 3.50735694e+01 6.34565748e+01
 1.14808300e+02 2.07715999e+02 3.75808509e+02 6.79928539e+02
 1.23015527e+03 2.22564858e+03 4.02673689e+03]","[ 1.         -0.923474    0.85280423 -0.78754253  0.72727505 -0.6716196
  0.62022324 -0.57276004  0.528929   -0.48845218  0.45107289 -0.41655409
  0.38467687 -0.35523909  0.32805406]","[1.         1.006063   1.01216276 1.0182995  1.02447345 1.03068484
 1.03693388 1.04322081 1.04954586 1.05590925 1.06231123 1.06875202
 1.07523187 1.081751   1.08830965]","[  1.          -1.41848      2.01208551  -2.85410305   4.0484881
  -5.7426994    8.14590425 -11.55480226  16.39025591 -23.2492502
  32.97859642 -46.77947945  66.35575601 -94.12431278 133.51345519]","[  1.          -1.24184      1.54216659  -1.91512415   2.37827778
  -2.95344048   3.66770052  -4.55469721   5.65620519  -7.02410185
   8.72281064 -10.83233517  13.45202711 -16.70526534  20.74526671]","[  1.          -1.278768     1.6352476   -2.0911023    2.67403471
  -3.41947001   4.37270883  -5.59168012   7.15046161  -9.14378149
  11.69277517 -14.95234672  19.12058251 -24.45078906  31.26688662]","[ 1.00000000e+00 -3.28440000e-01  1.07872834e-01 -3.54297535e-02
  1.16365482e-02 -3.82190790e-03  1.25526743e-03 -4.12280035e-04
  1.35409255e-04 -4.44738156e-05  1.46069800e-05 -4.79751651e-06
  1.57569632e-06 -5.17521700e-07  1.69974827e-07]","[1.00000000e+00 5.99934000e-01 3.59920804e-01 2.15928728e-01
 1.29542985e-01 7.77172414e-02 4.66252155e-02 2.79720520e-02
 1.67813851e-02 1.00677235e-02 6.03996961e-03 3.62358313e-03
 2.17391072e-03 1.30420295e-03 7.82435695e-04]","[ 1.          1.248036    1.55759386  1.94393321  2.42609862  3.02785842
  3.77887631  4.71617368  5.88595453  7.34588315  9.16792663 11.44190248
 14.2799062  17.82183701 22.24229418]","[1.00000000e+00 1.64574100e+00 2.70846344e+00 4.45742933e+00
 7.33577420e+00 1.20727844e+01 1.98686762e+01 3.26986951e+01
 5.38135831e+01 8.85632201e+01 1.45752122e+02 2.39870244e+02
 3.94764295e+02 6.49679785e+02 1.06920466e+03]","[1.         0.990873   0.9818293  0.97286815 0.96398878 0.95519045
 0.94647243 0.93783398 0.92927437 0.92079288 0.9123888  0.90406143
 0.89581006 0.887634   0.87953257]","[1.00000000e+00 1.68122300e+00 2.82651078e+00 4.75199493e+00
 7.98916317e+00 1.34315649e+01 2.25814558e+01 3.79644628e+01
 6.38267281e+01 1.07306963e+02 1.80406935e+02 3.03304288e+02
 5.09922145e+02 8.57292838e+02 1.44130044e+03]","[1.00000000e+00 2.42633000e-01 5.88707727e-02 1.42839922e-02
 3.46576788e-03 8.40909657e-04 2.04032433e-04 4.95050013e-05
 1.20115470e-05 2.91439768e-06 7.07129052e-07 1.71572843e-07
 4.16292337e-08 1.01006259e-08 2.45074515e-09]","[ 1.          1.38482     1.91772643  2.65570592  3.67767467  5.09291744
  7.05277392  9.76682238 13.52529097 18.73009345 25.93780801 35.91919529
 49.74162002 68.88319023 95.3908195 ]","[ 1.00000000e+00 -1.85880600e+00  3.45515975e+00 -6.42247167e+00
  1.19381289e+01 -2.21906656e+01  4.12481423e+01 -7.66722944e+01
  1.42518921e+02 -2.64915025e+02  4.92425638e+02 -9.15323731e+02
  1.70140924e+03 -3.16258971e+03  5.87864073e+03]","[ 1.00000000e+00 -5.59941000e-01  3.13533923e-01 -1.75560499e-01
  9.83035212e-02 -5.50441719e-02  3.08214887e-02 -1.72582152e-02
  9.66358228e-03 -5.41103592e-03  3.02986087e-03 -1.69654332e-03
  9.49964165e-04 -5.31923884e-04  2.97845992e-04]","[  1.          -1.318246     1.73777252  -2.29081167   3.01985332
  -3.98090956   5.2478181   -6.91791522   9.11951407 -12.02176294
  15.84764091 -20.89108924  27.53959483 -36.30396073  47.85755101]"
"[1.00000000e+00 2.46119000e-01 6.05745622e-02 1.49085507e-02
 3.66927758e-03 9.03078929e-04 2.22264883e-04 5.47036107e-05
 1.34635980e-05 3.31364727e-06 8.15551552e-07 2.00722732e-07
 4.94016782e-08 1.21586916e-08 2.99248503e-09 7.36507422e-10]","[1.         0.87242    0.76111666 0.66401339 0.57929856 0.50539165
 0.44091379 0.38466201 0.33558683 0.29277266 0.25542072 0.22283415
 0.19440497 0.16960278 0.14796486 0.1290875 ]","[1.00000000e+00 2.19200000e-01 4.80486400e-02 1.05322619e-02
 2.30867181e-03 5.06060860e-04 1.10928540e-04 2.43155361e-05
 5.32996551e-06 1.16832844e-06 2.56097594e-07 5.61365926e-08
 1.23051411e-08 2.69728693e-09 5.91245295e-10 1.29600969e-10]","[1.00000000e+00 1.80924200e+00 3.27335661e+00 5.92229427e+00
 1.07148635e+01 1.93857811e+01 3.50735694e+01 6.34565748e+01
 1.14808300e+02 2.07715999e+02 3.75808509e+02 6.79928539e+02
 1.23015527e+03 2.22564858e+03 4.02673689e+03 7.28534151e+03]","[ 1.         -0.923474    0.85280423 -0.78754253  0.72727505 -0.6716196
  0.62022324 -0.57276004  0.528929   -0.48845218  0.45107289 -0.41655409
  0.38467687 -0.35523909  0.32805406 -0.30294939]","[1.         1.006063   1.01216276 1.0182995  1.02447345 1.03068484
 1.03693388 1.04322081 1.04954586 1.05590925 1.06231123 1.06875202
 1.07523187 1.081751   1.08830965 1.09490807]","[   1.           -1.41848       2.01208551   -2.85410305    4.0484881
   -5.7426994     8.14590425  -11.55480226   16.39025591  -23.2492502
   32.97859642  -46.77947945   66.35575601  -94.12431278  133.51345519
 -189.38616592]","[  1.          -1.24184      1.54216659  -1.91512415   2.37827778
  -2.95344048   3.66770052  -4.55469721   5.65620519  -7.02410185
   8.72281064 -10.83233517  13.45202711 -16.70526534  20.74526671
 -25.76230201]","[  1.          -1.278768     1.6352476   -2.0911023    2.67403471
  -3.41947001   4.37270883  -5.59168012   7.15046161  -9.14378149
  11.69277517 -14.95234672  19.12058251 -24.45078906  31.26688662
 -39.98309407]","[ 1.00000000e+00 -3.28440000e-01  1.07872834e-01 -3.54297535e-02
  1.16365482e-02 -3.82190790e-03  1.25526743e-03 -4.12280035e-04
  1.35409255e-04 -4.44738156e-05  1.46069800e-05 -4.79751651e-06
  1.57569632e-06 -5.17521700e-07  1.69974827e-07 -5.58265323e-08]","[1.00000000e+00 5.99934000e-01 3.59920804e-01 2.15928728e-01
 1.29542985e-01 7.77172414e-02 4.66252155e-02 2.79720520e-02
 1.67813851e-02 1.00677235e-02 6.03996961e-03 3.62358313e-03
 2.17391072e-03 1.30420295e-03 7.82435695e-04 4.69409776e-04]","[ 1.          1.248036    1.55759386  1.94393321  2.42609862  3.02785842
  3.77887631  4.71617368  5.88595453  7.34588315  9.16792663 11.44190248
 14.2799062  17.82183701 22.24229418 27.75918386]","[1.00000000e+00 1.64574100e+00 2.70846344e+00 4.45742933e+00
 7.33577420e+00 1.20727844e+01 1.98686762e+01 3.26986951e+01
 5.38135831e+01 8.85632201e+01 1.45752122e+02 2.39870244e+02
 3.94764295e+02 6.49679785e+02 1.06920466e+03 1.75963395e+03]","[1.         0.990873   0.9818293  0.97286815 0.96398878 0.95519045
 0.94647243 0.93783398 0.92927437 0.92079288 0.9123888  0.90406143
 0.89581006 0.887634   0.87953257 0.87150507]","[1.00000000e+00 1.68122300e+00 2.82651078e+00 4.75199493e+00
 7.98916317e+00 1.34315649e+01 2.25814558e+01 3.79644628e+01
 6.38267281e+01 1.07306963e+02 1.80406935e+02 3.03304288e+02
 5.09922145e+02 8.57292838e+02 1.44130044e+03 2.42314745e+03]","[1.00000000e+00 2.42633000e-01 5.88707727e-02 1.42839922e-02
 3.46576788e-03 8.40909657e-04 2.04032433e-04 4.95050013e-05
 1.20115470e-05 2.91439768e-06 7.07129052e-07 1.71572843e-07
 4.16292337e-08 1.01006259e-08 2.45074515e-09 5.94631649e-10]","[  1.           1.38482      1.91772643   2.65570592   3.67767467
   5.09291744   7.05277392   9.76682238  13.52529097  18.73009345
  25.93780801  35.91919529  49.74162002  68.88319023  95.3908195
 132.09911465]","[ 1.00000000e+00 -1.85880600e+00  3.45515975e+00 -6.42247167e+00
  1.19381289e+01 -2.21906656e+01  4.12481423e+01 -7.66722944e+01
  1.42518921e+02 -2.64915025e+02  4.92425638e+02 -9.15323731e+02
  1.70140924e+03 -3.16258971e+03  5.87864073e+03 -1.09272527e+04]","[ 1.00000000e+00 -5.59941000e-01  3.13533923e-01 -1.75560499e-01
  9.83035212e-02 -5.50441719e-02  3.08214887e-02 -1.72582152e-02
  9.66358228e-03 -5.41103592e-03  3.02986087e-03 -1.69654332e-03
  9.49964165e-04 -5.31923884e-04  2.97845992e-04 -1.66776182e-04]","[  1.          -1.318246     1.73777252  -2.29081167   3.01985332
  -3.98090956   5.2478181   -6.91791522   9.11951407 -12.02176294
  15.84764091 -20.89108924  27.53959483 -36.30396073  47.85755101
 -63.08802519]"
"[1.00000000e+00 2.46119000e-01 6.05745622e-02 1.49085507e-02
 3.66927758e-03 9.03078929e-04 2.22264883e-04 5.47036107e-05
 1.34635980e-05 3.31364727e-06 8.15551552e-07 2.00722732e-07
 4.94016782e-08 1.21586916e-08 2.99248503e-09 7.36507422e-10
 1.81268470e-10]","[1.         0.87242    0.76111666 0.66401339 0.57929856 0.50539165
 0.44091379 0.38466201 0.33558683 0.29277266 0.25542072 0.22283415
 0.19440497 0.16960278 0.14796486 0.1290875  0.11261852]","[1.00000000e+00 2.19200000e-01 4.80486400e-02 1.05322619e-02
 2.30867181e-03 5.06060860e-04 1.10928540e-04 2.43155361e-05
 5.32996551e-06 1.16832844e-06 2.56097594e-07 5.61365926e-08
 1.23051411e-08 2.69728693e-09 5.91245295e-10 1.29600969e-10
 2.84085323e-11]","[1.00000000e+00 1.80924200e+00 3.27335661e+00 5.92229427e+00
 1.07148635e+01 1.93857811e+01 3.50735694e+01 6.34565748e+01
 1.14808300e+02 2.07715999e+02 3.75808509e+02 6.79928539e+02
 1.23015527e+03 2.22564858e+03 4.02673689e+03 7.28534151e+03
 1.31809458e+04]","[ 1.         -0.923474    0.85280423 -0.78754253  0.72727505 -0.6716196
  0.62022324 -0.57276004  0.528929   -0.48845218  0.45107289 -0.41655409
  0.38467687 -0.35523909  0.32805406 -0.30294939  0.27976589]","[1.         1.006063   1.01216276 1.0182995  1.02447345 1.03068484
 1.03693388 1.04322081 1.04954586 1.05590925 1.06231123 1.06875202
 1.07523187 1.081751   1.08830965 1.09490807 1.1015465 ]","[   1.           -1.41848       2.01208551   -2.85410305    4.0484881
   -5.7426994     8.14590425  -11.55480226   16.39025591  -23.2492502
   32.97859642  -46.77947945   66.35575601  -94.12431278  133.51345519
 -189.38616592  268.64048864]","[  1.          -1.24184      1.54216659  -1.91512415   2.37827778
  -2.95344048   3.66770052  -4.55469721   5.65620519  -7.02410185
   8.72281064 -10.83233517  13.45202711 -16.70526534  20.74526671
 -25.76230201  31.99265713]","[  1.          -1.278768     1.6352476   -2.0911023    2.67403471
  -3.41947001   4.37270883  -5.59168012   7.15046161  -9.14378149
  11.69277517 -14.95234672  19.12058251 -24.45078906  31.26688662
 -39.98309407  51.12910123]","[ 1.00000000e+00 -3.28440000e-01  1.07872834e-01 -3.54297535e-02
  1.16365482e-02 -3.82190790e-03  1.25526743e-03 -4.12280035e-04
  1.35409255e-04 -4.44738156e-05  1.46069800e-05 -4.79751651e-06
  1.57569632e-06 -5.17521700e-07  1.69974827e-07 -5.58265323e-08
  1.83356663e-08]","[1.00000000e+00 5.99934000e-01 3.59920804e-01 2.15928728e-01
 1.29542985e-01 7.77172414e-02 4.66252155e-02 2.79720520e-02
 1.67813851e-02 1.00677235e-02 6.03996961e-03 3.62358313e-03
 2.17391072e-03 1.30420295e-03 7.82435695e-04 4.69409776e-04
 2.81614885e-04]","[ 1.          1.248036    1.55759386  1.94393321  2.42609862  3.02785842
  3.77887631  4.71617368  5.88595453  7.34588315  9.16792663 11.44190248
 14.2799062  17.82183701 22.24229418 27.75918386 34.64446079]","[1.00000000e+00 1.64574100e+00 2.70846344e+00 4.45742933e+00
 7.33577420e+00 1.20727844e+01 1.98686762e+01 3.26986951e+01
 5.38135831e+01 8.85632201e+01 1.45752122e+02 2.39870244e+02
 3.94764295e+02 6.49679785e+02 1.06920466e+03 1.75963395e+03
 2.89590173e+03]","[1.         0.990873   0.9818293  0.97286815 0.96398878 0.95519045
 0.94647243 0.93783398 0.92927437 0.92079288 0.9123888  0.90406143
 0.89581006 0.887634   0.87953257 0.87150507 0.86355085]","[1.00000000e+00 1.68122300e+00 2.82651078e+00 4.75199493e+00
 7.98916317e+00 1.34315649e+01 2.25814558e+01 3.79644628e+01
 6.38267281e+01 1.07306963e+02 1.80406935e+02 3.03304288e+02
 5.09922145e+02 8.57292838e+02 1.44130044e+03 2.42314745e+03
 4.07385122e+03]","[1.00000000e+00 2.42633000e-01 5.88707727e-02 1.42839922e-02
 3.46576788e-03 8.40909657e-04 2.04032433e-04 4.95050013e-05
 1.20115470e-05 2.91439768e-06 7.07129052e-07 1.71572843e-07
 4.16292337e-08 1.01006259e-08 2.45074515e-09 5.94631649e-10
 1.44277261e-10]","[  1.           1.38482      1.91772643   2.65570592   3.67767467
   5.09291744   7.05277392   9.76682238  13.52529097  18.73009345
  25.93780801  35.91919529  49.74162002  68.88319023  95.3908195
 132.09911465 182.93349595]","[ 1.00000000e+00 -1.85880600e+00  3.45515975e+00 -6.42247167e+00
  1.19381289e+01 -2.21906656e+01  4.12481423e+01 -7.66722944e+01
  1.42518921e+02 -2.64915025e+02  4.92425638e+02 -9.15323731e+02
  1.70140924e+03 -3.16258971e+03  5.87864073e+03 -1.09272527e+04
  2.03116428e+04]","[ 1.00000000e+00 -5.59941000e-01  3.13533923e-01 -1.75560499e-01
  9.83035212e-02 -5.50441719e-02  3.08214887e-02 -1.72582152e-02
  9.66358228e-03 -5.41103592e-03  3.02986087e-03 -1.69654332e-03
  9.49964165e-04 -5.31923884e-04  2.97845992e-04 -1.66776182e-04
  9.33848224e-05]","[  1.          -1.318246     1.73777252  -2.29081167   3.01985332
  -3.98090956   5.2478181   -6.91791522   9.11951407 -12.02176294
  15.84764091 -20.89108924  27.53959483 -36.30396073  47.85755101
 -63.08802519  83.16553686]"
"[1.00000000e+00 2.46119000e-01 6.05745622e-02 1.49085507e-02
 3.66927758e-03 9.03078929e-04 2.22264883e-04 5.47036107e-05
 1.34635980e-05 3.31364727e-06 8.15551552e-07 2.00722732e-07
 4.94016782e-08 1.21586916e-08 2.99248503e-09 7.36507422e-10
 1.81268470e-10 4.46136146e-11]","[1.         0.87242    0.76111666 0.66401339 0.57929856 0.50539165
 0.44091379 0.38466201 0.33558683 0.29277266 0.25542072 0.22283415
 0.19440497 0.16960278 0.14796486 0.1290875  0.11261852 0.09825065]","[1.00000000e+00 2.19200000e-01 4.80486400e-02 1.05322619e-02
 2.30867181e-03 5.06060860e-04 1.10928540e-04 2.43155361e-05
 5.32996551e-06 1.16832844e-06 2.56097594e-07 5.61365926e-08
 1.23051411e-08 2.69728693e-09 5.91245295e-10 1.29600969e-10
 2.84085323e-11 6.22715028e-12]","[1.00000000e+00 1.80924200e+00 3.27335661e+00 5.92229427e+00
 1.07148635e+01 1.93857811e+01 3.50735694e+01 6.34565748e+01
 1.14808300e+02 2.07715999e+02 3.75808509e+02 6.79928539e+02
 1.23015527e+03 2.22564858e+03 4.02673689e+03 7.28534151e+03
 1.31809458e+04 2.38475208e+04]","[ 1.         -0.923474    0.85280423 -0.78754253  0.72727505 -0.6716196
  0.62022324 -0.57276004  0.528929   -0.48845218  0.45107289 -0.41655409
  0.38467687 -0.35523909  0.32805406 -0.30294939  0.27976589 -0.25835652]","[1.         1.006063   1.01216276 1.0182995  1.02447345 1.03068484
 1.03693388 1.04322081 1.04954586 1.05590925 1.06231123 1.06875202
 1.07523187 1.081751   1.08830965 1.09490807 1.1015465  1.10822518]","[   1.           -1.41848       2.01208551   -2.85410305    4.0484881
   -5.7426994     8.14590425  -11.55480226   16.39025591  -23.2492502
   32.97859642  -46.77947945   66.35575601  -94.12431278  133.51345519
 -189.38616592  268.64048864 -381.06116033]","[  1.          -1.24184      1.54216659  -1.91512415   2.37827778
  -2.95344048   3.66770052  -4.55469721   5.65620519  -7.02410185
   8.72281064 -10.83233517  13.45202711 -16.70526534  20.74526671
 -25.76230201  31.99265713 -39.72976133]","[  1.          -1.278768     1.6352476   -2.0911023    2.67403471
  -3.41947001   4.37270883  -5.59168012   7.15046161  -9.14378149
  11.69277517 -14.95234672  19.12058251 -24.45078906  31.26688662
 -39.98309407  51.12910123 -65.38225853]","[ 1.00000000e+00 -3.28440000e-01  1.07872834e-01 -3.54297535e-02
  1.16365482e-02 -3.82190790e-03  1.25526743e-03 -4.12280035e-04
  1.35409255e-04 -4.44738156e-05  1.46069800e-05 -4.79751651e-06
  1.57569632e-06 -5.17521700e-07  1.69974827e-07 -5.58265323e-08
  1.83356663e-08 -6.02216622e-09]","[1.00000000e+00 5.99934000e-01 3.59920804e-01 2.15928728e-01
 1.29542985e-01 7.77172414e-02 4.66252155e-02 2.79720520e-02
 1.67813851e-02 1.00677235e-02 6.03996961e-03 3.62358313e-03
 2.17391072e-03 1.30420295e-03 7.82435695e-04 4.69409776e-04
 2.81614885e-04 1.68950344e-04]","[ 1.          1.248036    1.55759386  1.94393321  2.42609862  3.02785842
  3.77887631  4.71617368  5.88595453  7.34588315  9.16792663 11.44190248
 14.2799062  17.82183701 22.24229418 27.75918386 34.64446079 43.23753426]","[1.00000000e+00 1.64574100e+00 2.70846344e+00 4.45742933e+00
 7.33577420e+00 1.20727844e+01 1.98686762e+01 3.26986951e+01
 5.38135831e+01 8.85632201e+01 1.45752122e+02 2.39870244e+02
 3.94764295e+02 6.49679785e+02 1.06920466e+03 1.75963395e+03
 2.89590173e+03 4.76590421e+03]","[1.         0.990873   0.9818293  0.97286815 0.96398878 0.95519045
 0.94647243 0.93783398 0.92927437 0.92079288 0.9123888  0.90406143
 0.89581006 0.887634   0.87953257 0.87150507 0.86355085 0.85566922]","[1.00000000e+00 1.68122300e+00 2.82651078e+00 4.75199493e+00
 7.98916317e+00 1.34315649e+01 2.25814558e+01 3.79644628e+01
 6.38267281e+01 1.07306963e+02 1.80406935e+02 3.03304288e+02
 5.09922145e+02 8.57292838e+02 1.44130044e+03 2.42314745e+03
 4.07385122e+03 6.84905237e+03]","[1.00000000e+00 2.42633000e-01 5.88707727e-02 1.42839922e-02
 3.46576788e-03 8.40909657e-04 2.04032433e-04 4.95050013e-05
 1.20115470e-05 2.91439768e-06 7.07129052e-07 1.71572843e-07
 4.16292337e-08 1.01006259e-08 2.45074515e-09 5.94631649e-10
 1.44277261e-10 3.50064246e-11]","[  1.           1.38482      1.91772643   2.65570592   3.67767467
   5.09291744   7.05277392   9.76682238  13.52529097  18.73009345
  25.93780801  35.91919529  49.74162002  68.88319023  95.3908195
 132.09911465 182.93349595 253.32996387]","[ 1.00000000e+00 -1.85880600e+00  3.45515975e+00 -6.42247167e+00
  1.19381289e+01 -2.21906656e+01  4.12481423e+01 -7.66722944e+01
  1.42518921e+02 -2.64915025e+02  4.92425638e+02 -9.15323731e+02
  1.70140924e+03 -3.16258971e+03  5.87864073e+03 -1.09272527e+04
  2.03116428e+04 -3.77554035e+04]","[ 1.00000000e+00 -5.59941000e-01  3.13533923e-01 -1.75560499e-01
  9.83035212e-02 -5.50441719e-02  3.08214887e-02 -1.72582152e-02
  9.66358228e-03 -5.41103592e-03  3.02986087e-03 -1.69654332e-03
  9.49964165e-04 -5.31923884e-04  2.97845992e-04 -1.66776182e-04
  9.33848224e-05 -5.22899908e-05]","[   1.           -1.318246      1.73777252   -2.29081167    3.01985332
   -3.98090956    5.2478181    -6.91791522    9.11951407  -12.02176294
   15.84764091  -20.89108924   27.53959483  -36.30396073   47.85755101
  -63.08802519   83.16553686 -109.6326363 ]"
"[1.00000000e+00 2.46119000e-01 6.05745622e-02 1.49085507e-02
 3.66927758e-03 9.03078929e-04 2.22264883e-04 5.47036107e-05
 1.34635980e-05 3.31364727e-06 8.15551552e-07 2.00722732e-07
 4.94016782e-08 1.21586916e-08 2.99248503e-09 7.36507422e-10
 1.81268470e-10 4.46136146e-11 1.09802582e-11]","[1.         0.87242    0.76111666 0.66401339 0.57929856 0.50539165
 0.44091379 0.38466201 0.33558683 0.29277266 0.25542072 0.22283415
 0.19440497 0.16960278 0.14796486 0.1290875  0.11261852 0.09825065
 0.08571583]","[1.00000000e+00 2.19200000e-01 4.80486400e-02 1.05322619e-02
 2.30867181e-03 5.06060860e-04 1.10928540e-04 2.43155361e-05
 5.32996551e-06 1.16832844e-06 2.56097594e-07 5.61365926e-08
 1.23051411e-08 2.69728693e-09 5.91245295e-10 1.29600969e-10
 2.84085323e-11 6.22715028e-12 1.36499134e-12]","[1.00000000e+00 1.80924200e+00 3.27335661e+00 5.92229427e+00
 1.07148635e+01 1.93857811e+01 3.50735694e+01 6.34565748e+01
 1.14808300e+02 2.07715999e+02 3.75808509e+02 6.79928539e+02
 1.23015527e+03 2.22564858e+03 4.02673689e+03 7.28534151e+03
 1.31809458e+04 2.38475208e+04 4.31459362e+04]","[ 1.         -0.923474    0.85280423 -0.78754253  0.72727505 -0.6716196
  0.62022324 -0.57276004  0.528929   -0.48845218  0.45107289 -0.41655409
  0.38467687 -0.35523909  0.32805406 -0.30294939  0.27976589 -0.25835652
  0.23858553]","[1.         1.006063   1.01216276 1.0182995  1.02447345 1.03068484
 1.03693388 1.04322081 1.04954586 1.05590925 1.06231123 1.06875202
 1.07523187 1.081751   1.08830965 1.09490807 1.1015465  1.10822518
 1.11494435]","[   1.           -1.41848       2.01208551   -2.85410305    4.0484881
   -5.7426994     8.14590425  -11.55480226   16.39025591  -23.2492502
   32.97859642  -46.77947945   66.35575601  -94.12431278  133.51345519
 -189.38616592  268.64048864 -381.06116033  540.5276347 ]","[  1.          -1.24184      1.54216659  -1.91512415   2.37827778
  -2.95344048   3.66770052  -4.55469721   5.65620519  -7.02410185
   8.72281064 -10.83233517  13.45202711 -16.70526534  20.74526671
 -25.76230201  31.99265713 -39.72976133  49.33800681]","[  1.          -1.278768     1.6352476   -2.0911023    2.67403471
  -3.41947001   4.37270883  -5.59168012   7.15046161  -9.14378149
  11.69277517 -14.95234672  19.12058251 -24.45078906  31.26688662
 -39.98309407  51.12910123 -65.38225853  83.60873997]","[ 1.00000000e+00 -3.28440000e-01  1.07872834e-01 -3.54297535e-02
  1.16365482e-02 -3.82190790e-03  1.25526743e-03 -4.12280035e-04
  1.35409255e-04 -4.44738156e-05  1.46069800e-05 -4.79751651e-06
  1.57569632e-06 -5.17521700e-07  1.69974827e-07 -5.58265323e-08
  1.83356663e-08 -6.02216622e-09  1.97792027e-09]","[1.00000000e+00 5.99934000e-01 3.59920804e-01 2.15928728e-01
 1.29542985e-01 7.77172414e-02 4.66252155e-02 2.79720520e-02
 1.67813851e-02 1.00677235e-02 6.03996961e-03 3.62358313e-03
 2.17391072e-03 1.30420295e-03 7.82435695e-04 4.69409776e-04
 2.81614885e-04 1.68950344e-04 1.01359056e-04]","[ 1.          1.248036    1.55759386  1.94393321  2.42609862  3.02785842
  3.77887631  4.71617368  5.88595453  7.34588315  9.16792663 11.44190248
 14.2799062  17.82183701 22.24229418 27.75918386 34.64446079 43.23753426
 53.96199931]","[1.00000000e+00 1.64574100e+00 2.70846344e+00 4.45742933e+00
 7.33577420e+00 1.20727844e+01 1.98686762e+01 3.26986951e+01
 5.38135831e+01 8.85632201e+01 1.45752122e+02 2.39870244e+02
 3.94764295e+02 6.49679785e+02 1.06920466e+03 1.75963395e+03
 2.89590173e+03 4.76590421e+03 7.84344396e+03]","[1.         0.990873   0.9818293  0.97286815 0.96398878 0.95519045
 0.94647243 0.93783398 0.92927437 0.92079288 0.9123888  0.90406143
 0.89581006 0.887634   0.87953257 0.87150507 0.86355085 0.85566922
 0.84785952]","[1.00000000e+00 1.68122300e+00 2.82651078e+00 4.75199493e+00
 7.98916317e+00 1.34315649e+01 2.25814558e+01 3.79644628e+01
 6.38267281e+01 1.07306963e+02 1.80406935e+02 3.03304288e+02
 5.09922145e+02 8.57292838e+02 1.44130044e+03 2.42314745e+03
 4.07385122e+03 6.84905237e+03 1.15147844e+04]","[1.00000000e+00 2.42633000e-01 5.88707727e-02 1.42839922e-02
 3.46576788e-03 8.40909657e-04 2.04032433e-04 4.95050013e-05
 1.20115470e-05 2.91439768e-06 7.07129052e-07 1.71572843e-07
 4.16292337e-08 1.01006259e-08 2.45074515e-09 5.94631649e-10
 1.44277261e-10 3.50064246e-11 8.49371382e-12]","[  1.           1.38482      1.91772643   2.65570592   3.67767467
   5.09291744   7.05277392   9.76682238  13.52529097  18.73009345
  25.93780801  35.91919529  49.74162002  68.88319023  95.3908195
 132.09911465 182.93349595 253.32996387 350.81640056]","[ 1.00000000e+00 -1.85880600e+00  3.45515975e+00 -6.42247167e+00
  1.19381289e+01 -2.21906656e+01  4.12481423e+01 -7.66722944e+01
  1.42518921e+02 -2.64915025e+02  4.92425638e+02 -9.15323731e+02
  1.70140924e+03 -3.16258971e+03  5.87864073e+03 -1.09272527e+04
  2.03116428e+04 -3.77554035e+04  7.01799706e+04]","[ 1.00000000e+00 -5.59941000e-01  3.13533923e-01 -1.75560499e-01
  9.83035212e-02 -5.50441719e-02  3.08214887e-02 -1.72582152e-02
  9.66358228e-03 -5.41103592e-03  3.02986087e-03 -1.69654332e-03
  9.49964165e-04 -5.31923884e-04  2.97845992e-04 -1.66776182e-04
  9.33848224e-05 -5.22899908e-05  2.92793098e-05]","[   1.           -1.318246      1.73777252   -2.29081167    3.01985332
   -3.98090956    5.2478181    -6.91791522    9.11951407  -12.02176294
   15.84764091  -20.89108924   27.53959483  -36.30396073   47.85755101
  -63.08802519   83.16553686 -109.6326363   144.52278427]"
"[1.00000000e+00 2.46119000e-01 6.05745622e-02 1.49085507e-02
 3.66927758e-03 9.03078929e-04 2.22264883e-04 5.47036107e-05
 1.34635980e-05 3.31364727e-06 8.15551552e-07 2.00722732e-07
 4.94016782e-08 1.21586916e-08 2.99248503e-09 7.36507422e-10
 1.81268470e-10 4.46136146e-11 1.09802582e-11 2.70245017e-12]","[1.         0.87242    0.76111666 0.66401339 0.57929856 0.50539165
 0.44091379 0.38466201 0.33558683 0.29277266 0.25542072 0.22283415
 0.19440497 0.16960278 0.14796486 0.1290875  0.11261852 0.09825065
 0.08571583 0.0747802 ]","[1.00000000e+00 2.19200000e-01 4.80486400e-02 1.05322619e-02
 2.30867181e-03 5.06060860e-04 1.10928540e-04 2.43155361e-05
 5.32996551e-06 1.16832844e-06 2.56097594e-07 5.61365926e-08
 1.23051411e-08 2.69728693e-09 5.91245295e-10 1.29600969e-10
 2.84085323e-11 6.22715028e-12 1.36499134e-12 2.99206102e-13]","[1.00000000e+00 1.80924200e+00 3.27335661e+00 5.92229427e+00
 1.07148635e+01 1.93857811e+01 3.50735694e+01 6.34565748e+01
 1.14808300e+02 2.07715999e+02 3.75808509e+02 6.79928539e+02
 1.23015527e+03 2.22564858e+03 4.02673689e+03 7.28534151e+03
 1.31809458e+04 2.38475208e+04 4.31459362e+04 7.80614400e+04]","[ 1.         -0.923474    0.85280423 -0.78754253  0.72727505 -0.6716196
  0.62022324 -0.57276004  0.528929   -0.48845218  0.45107289 -0.41655409
  0.38467687 -0.35523909  0.32805406 -0.30294939  0.27976589 -0.25835652
  0.23858553 -0.22032754]","[1.         1.006063   1.01216276 1.0182995  1.02447345 1.03068484
 1.03693388 1.04322081 1.04954586 1.05590925 1.06231123 1.06875202
 1.07523187 1.081751   1.08830965 1.09490807 1.1015465  1.10822518
 1.11494435 1.12170426]","[   1.           -1.41848       2.01208551   -2.85410305    4.0484881
   -5.7426994     8.14590425  -11.55480226   16.39025591  -23.2492502
   32.97859642  -46.77947945   66.35575601  -94.12431278  133.51345519
 -189.38616592  268.64048864 -381.06116033  540.5276347  -766.72763927]","[  1.          -1.24184      1.54216659  -1.91512415   2.37827778
  -2.95344048   3.66770052  -4.55469721   5.65620519  -7.02410185
   8.72281064 -10.83233517  13.45202711 -16.70526534  20.74526671
 -25.76230201  31.99265713 -39.72976133  49.33800681 -61.26991038]","[   1.           -1.278768      1.6352476    -2.0911023     2.67403471
   -3.41947001    4.37270883   -5.59168012    7.15046161   -9.14378149
   11.69277517  -14.95234672   19.12058251  -24.45078906   31.26688662
  -39.98309407   51.12910123  -65.38225853   83.60873997 -106.9161812 ]","[ 1.00000000e+00 -3.28440000e-01  1.07872834e-01 -3.54297535e-02
  1.16365482e-02 -3.82190790e-03  1.25526743e-03 -4.12280035e-04
  1.35409255e-04 -4.44738156e-05  1.46069800e-05 -4.79751651e-06
  1.57569632e-06 -5.17521700e-07  1.69974827e-07 -5.58265323e-08
  1.83356663e-08 -6.02216622e-09  1.97792027e-09 -6.49628135e-10]","[1.00000000e+00 5.99934000e-01 3.59920804e-01 2.15928728e-01
 1.29542985e-01 7.77172414e-02 4.66252155e-02 2.79720520e-02
 1.67813851e-02 1.00677235e-02 6.03996961e-03 3.62358313e-03
 2.17391072e-03 1.30420295e-03 7.82435695e-04 4.69409776e-04
 2.81614885e-04 1.68950344e-04 1.01359056e-04 6.08087438e-05]","[ 1.          1.248036    1.55759386  1.94393321  2.42609862  3.02785842
  3.77887631  4.71617368  5.88595453  7.34588315  9.16792663 11.44190248
 14.2799062  17.82183701 22.24229418 27.75918386 34.64446079 43.23753426
 53.96199931 67.34651777]","[1.00000000e+00 1.64574100e+00 2.70846344e+00 4.45742933e+00
 7.33577420e+00 1.20727844e+01 1.98686762e+01 3.26986951e+01
 5.38135831e+01 8.85632201e+01 1.45752122e+02 2.39870244e+02
 3.94764295e+02 6.49679785e+02 1.06920466e+03 1.75963395e+03
 2.89590173e+03 4.76590421e+03 7.84344396e+03 1.29082773e+04]","[1.         0.990873   0.9818293  0.97286815 0.96398878 0.95519045
 0.94647243 0.93783398 0.92927437 0.92079288 0.9123888  0.90406143
 0.89581006 0.887634   0.87953257 0.87150507 0.86355085 0.85566922
 0.84785952 0.84012111]","[1.00000000e+00 1.68122300e+00 2.82651078e+00 4.75199493e+00
 7.98916317e+00 1.34315649e+01 2.25814558e+01 3.79644628e+01
 6.38267281e+01 1.07306963e+02 1.80406935e+02 3.03304288e+02
 5.09922145e+02 8.57292838e+02 1.44130044e+03 2.42314745e+03
 4.07385122e+03 6.84905237e+03 1.15147844e+04 1.93589203e+04]","[1.00000000e+00 2.42633000e-01 5.88707727e-02 1.42839922e-02
 3.46576788e-03 8.40909657e-04 2.04032433e-04 4.95050013e-05
 1.20115470e-05 2.91439768e-06 7.07129052e-07 1.71572843e-07
 4.16292337e-08 1.01006259e-08 2.45074515e-09 5.94631649e-10
 1.44277261e-10 3.50064246e-11 8.49371382e-12 2.06085527e-12]","[  1.           1.38482      1.91772643   2.65570592   3.67767467
   5.09291744   7.05277392   9.76682238  13.52529097  18.73009345
  25.93780801  35.91919529  49.74162002  68.88319023  95.3908195
 132.09911465 182.93349595 253.32996387 350.81640056 485.81756783]","[ 1.00000000e+00 -1.85880600e+00  3.45515975e+00 -6.42247167e+00
  1.19381289e+01 -2.21906656e+01  4.12481423e+01 -7.66722944e+01
  1.42518921e+02 -2.64915025e+02  4.92425638e+02 -9.15323731e+02
  1.70140924e+03 -3.16258971e+03  5.87864073e+03 -1.09272527e+04
  2.03116428e+04 -3.77554035e+04  7.01799706e+04 -1.30450950e+05]","[ 1.00000000e+00 -5.59941000e-01  3.13533923e-01 -1.75560499e-01
  9.83035212e-02 -5.50441719e-02  3.08214887e-02 -1.72582152e-02
  9.66358228e-03 -5.41103592e-03  3.02986087e-03 -1.69654332e-03
  9.49964165e-04 -5.31923884e-04  2.97845992e-04 -1.66776182e-04
  9.33848224e-05 -5.22899908e-05  2.92793098e-05 -1.63946860e-05]","[   1.           -1.318246      1.73777252   -2.29081167    3.01985332
   -3.98090956    5.2478181    -6.91791522    9.11951407  -12.02176294
   15.84764091  -20.89108924   27.53959483  -36.30396073   47.85755101
  -63.08802519   83.16553686 -109.6326363   144.52278427 -190.51658228]"
"[1.00000000e+00 2.46119000e-01 6.05745622e-02 1.49085507e-02
 3.66927758e-03 9.03078929e-04 2.22264883e-04 5.47036107e-05
 1.34635980e-05 3.31364727e-06 8.15551552e-07 2.00722732e-07
 4.94016782e-08 1.21586916e-08 2.99248503e-09 7.36507422e-10
 1.81268470e-10 4.46136146e-11 1.09802582e-11 2.70245017e-12
 6.65124334e-13]","[1.         0.87242    0.76111666 0.66401339 0.57929856 0.50539165
 0.44091379 0.38466201 0.33558683 0.29277266 0.25542072 0.22283415
 0.19440497 0.16960278 0.14796486 0.1290875  0.11261852 0.09825065
 0.08571583 0.0747802  0.06523975]","[1.00000000e+00 2.19200000e-01 4.80486400e-02 1.05322619e-02
 2.30867181e-03 5.06060860e-04 1.10928540e-04 2.43155361e-05
 5.32996551e-06 1.16832844e-06 2.56097594e-07 5.61365926e-08
 1.23051411e-08 2.69728693e-09 5.91245295e-10 1.29600969e-10
 2.84085323e-11 6.22715028e-12 1.36499134e-12 2.99206102e-13
 6.55859776e-14]","[1.00000000e+00 1.80924200e+00 3.27335661e+00 5.92229427e+00
 1.07148635e+01 1.93857811e+01 3.50735694e+01 6.34565748e+01
 1.14808300e+02 2.07715999e+02 3.75808509e+02 6.79928539e+02
 1.23015527e+03 2.22564858e+03 4.02673689e+03 7.28534151e+03
 1.31809458e+04 2.38475208e+04 4.31459362e+04 7.80614400e+04
 1.41232036e+05]","[ 1.         -0.923474    0.85280423 -0.78754253  0.72727505 -0.6716196
  0.62022324 -0.57276004  0.528929   -0.48845218  0.45107289 -0.41655409
  0.38467687 -0.35523909  0.32805406 -0.30294939  0.27976589 -0.25835652
  0.23858553 -0.22032754  0.20346675]","[1.         1.006063   1.01216276 1.0182995  1.02447345 1.03068484
 1.03693388 1.04322081 1.04954586 1.05590925 1.06231123 1.06875202
 1.07523187 1.081751   1.08830965 1.09490807 1.1015465  1.10822518
 1.11494435 1.12170426 1.12850515]","[ 1.00000000e+00 -1.41848000e+00  2.01208551e+00 -2.85410305e+00
  4.04848810e+00 -5.74269940e+00  8.14590425e+00 -1.15548023e+01
  1.63902559e+01 -2.32492502e+01  3.29785964e+01 -4.67794794e+01
  6.63557560e+01 -9.41243128e+01  1.33513455e+02 -1.89386166e+02
  2.68640489e+02 -3.81061160e+02  5.40527635e+02 -7.66727639e+02
  1.08758782e+03]","[  1.          -1.24184      1.54216659  -1.91512415   2.37827778
  -2.95344048   3.66770052  -4.55469721   5.65620519  -7.02410185
   8.72281064 -10.83233517  13.45202711 -16.70526534  20.74526671
 -25.76230201  31.99265713 -39.72976133  49.33800681 -61.26991038
  76.0874255 ]","[   1.           -1.278768      1.6352476    -2.0911023     2.67403471
   -3.41947001    4.37270883   -5.59168012    7.15046161   -9.14378149
   11.69277517  -14.95234672   19.12058251  -24.45078906   31.26688662
  -39.98309407   51.12910123  -65.38225853   83.60873997 -106.9161812
  136.7209912 ]","[ 1.00000000e+00 -3.28440000e-01  1.07872834e-01 -3.54297535e-02
  1.16365482e-02 -3.82190790e-03  1.25526743e-03 -4.12280035e-04
  1.35409255e-04 -4.44738156e-05  1.46069800e-05 -4.79751651e-06
  1.57569632e-06 -5.17521700e-07  1.69974827e-07 -5.58265323e-08
  1.83356663e-08 -6.02216622e-09  1.97792027e-09 -6.49628135e-10
  2.13363865e-10]","[1.00000000e+00 5.99934000e-01 3.59920804e-01 2.15928728e-01
 1.29542985e-01 7.77172414e-02 4.66252155e-02 2.79720520e-02
 1.67813851e-02 1.00677235e-02 6.03996961e-03 3.62358313e-03
 2.17391072e-03 1.30420295e-03 7.82435695e-04 4.69409776e-04
 2.81614885e-04 1.68950344e-04 1.01359056e-04 6.08087438e-05
 3.64812329e-05]","[ 1.          1.248036    1.55759386  1.94393321  2.42609862  3.02785842
  3.77887631  4.71617368  5.88595453  7.34588315  9.16792663 11.44190248
 14.2799062  17.82183701 22.24229418 27.75918386 34.64446079 43.23753426
 53.96199931 67.34651777 84.05087865]","[1.00000000e+00 1.64574100e+00 2.70846344e+00 4.45742933e+00
 7.33577420e+00 1.20727844e+01 1.98686762e+01 3.26986951e+01
 5.38135831e+01 8.85632201e+01 1.45752122e+02 2.39870244e+02
 3.94764295e+02 6.49679785e+02 1.06920466e+03 1.75963395e+03
 2.89590173e+03 4.76590421e+03 7.84344396e+03 1.29082773e+04
 2.12436812e+04]","[1.         0.990873   0.9818293  0.97286815 0.96398878 0.95519045
 0.94647243 0.93783398 0.92927437 0.92079288 0.9123888  0.90406143
 0.89581006 0.887634   0.87953257 0.87150507 0.86355085 0.85566922
 0.84785952 0.84012111 0.83245332]","[1.00000000e+00 1.68122300e+00 2.82651078e+00 4.75199493e+00
 7.98916317e+00 1.34315649e+01 2.25814558e+01 3.79644628e+01
 6.38267281e+01 1.07306963e+02 1.80406935e+02 3.03304288e+02
 5.09922145e+02 8.57292838e+02 1.44130044e+03 2.42314745e+03
 4.07385122e+03 6.84905237e+03 1.15147844e+04 1.93589203e+04
 3.25466621e+04]","[1.00000000e+00 2.42633000e-01 5.88707727e-02 1.42839922e-02
 3.46576788e-03 8.40909657e-04 2.04032433e-04 4.95050013e-05
 1.20115470e-05 2.91439768e-06 7.07129052e-07 1.71572843e-07
 4.16292337e-08 1.01006259e-08 2.45074515e-09 5.94631649e-10
 1.44277261e-10 3.50064246e-11 8.49371382e-12 2.06085527e-12
 5.00031496e-13]","[  1.           1.38482      1.91772643   2.65570592   3.67767467
   5.09291744   7.05277392   9.76682238  13.52529097  18.73009345
  25.93780801  35.91919529  49.74162002  68.88319023  95.3908195
 132.09911465 182.93349595 253.32996387 350.81640056 485.81756783
 672.76988428]","[ 1.00000000e+00 -1.85880600e+00  3.45515975e+00 -6.42247167e+00
  1.19381289e+01 -2.21906656e+01  4.12481423e+01 -7.66722944e+01
  1.42518921e+02 -2.64915025e+02  4.92425638e+02 -9.15323731e+02
  1.70140924e+03 -3.16258971e+03  5.87864073e+03 -1.09272527e+04
  2.03116428e+04 -3.77554035e+04  7.01799706e+04 -1.30450950e+05
  2.42483009e+05]","[ 1.00000000e+00 -5.59941000e-01  3.13533923e-01 -1.75560499e-01
  9.83035212e-02 -5.50441719e-02  3.08214887e-02 -1.72582152e-02
  9.66358228e-03 -5.41103592e-03  3.02986087e-03 -1.69654332e-03
  9.49964165e-04 -5.31923884e-04  2.97845992e-04 -1.66776182e-04
  9.33848224e-05 -5.22899908e-05  2.92793098e-05 -1.63946860e-05
  9.18005686e-06]","[   1.           -1.318246      1.73777252   -2.29081167    3.01985332
   -3.98090956    5.2478181    -6.91791522    9.11951407  -12.02176294
   15.84764091  -20.89108924   27.53959483  -36.30396073   47.85755101
  -63.08802519   83.16553686 -109.6326363   144.52278427 -190.51658228
  251.14772252]"
"[1.00000000e+00 2.46119000e-01 6.05745622e-02 1.49085507e-02
 3.66927758e-03 9.03078929e-04 2.22264883e-04 5.47036107e-05
 1.34635980e-05 3.31364727e-06 8.15551552e-07 2.00722732e-07
 4.94016782e-08 1.21586916e-08 2.99248503e-09 7.36507422e-10
 1.81268470e-10 4.46136146e-11 1.09802582e-11 2.70245017e-12
 6.65124334e-13 1.63699736e-13]","[1.         0.87242    0.76111666 0.66401339 0.57929856 0.50539165
 0.44091379 0.38466201 0.33558683 0.29277266 0.25542072 0.22283415
 0.19440497 0.16960278 0.14796486 0.1290875  0.11261852 0.09825065
 0.08571583 0.0747802  0.06523975 0.05691646]","[1.00000000e+00 2.19200000e-01 4.80486400e-02 1.05322619e-02
 2.30867181e-03 5.06060860e-04 1.10928540e-04 2.43155361e-05
 5.32996551e-06 1.16832844e-06 2.56097594e-07 5.61365926e-08
 1.23051411e-08 2.69728693e-09 5.91245295e-10 1.29600969e-10
 2.84085323e-11 6.22715028e-12 1.36499134e-12 2.99206102e-13
 6.55859776e-14 1.43764463e-14]","[1.00000000e+00 1.80924200e+00 3.27335661e+00 5.92229427e+00
 1.07148635e+01 1.93857811e+01 3.50735694e+01 6.34565748e+01
 1.14808300e+02 2.07715999e+02 3.75808509e+02 6.79928539e+02
 1.23015527e+03 2.22564858e+03 4.02673689e+03 7.28534151e+03
 1.31809458e+04 2.38475208e+04 4.31459362e+04 7.80614400e+04
 1.41232036e+05 2.55522931e+05]","[ 1.         -0.923474    0.85280423 -0.78754253  0.72727505 -0.6716196
  0.62022324 -0.57276004  0.528929   -0.48845218  0.45107289 -0.41655409
  0.38467687 -0.35523909  0.32805406 -0.30294939  0.27976589 -0.25835652
  0.23858553 -0.22032754  0.20346675 -0.18789626]","[1.         1.006063   1.01216276 1.0182995  1.02447345 1.03068484
 1.03693388 1.04322081 1.04954586 1.05590925 1.06231123 1.06875202
 1.07523187 1.081751   1.08830965 1.09490807 1.1015465  1.10822518
 1.11494435 1.12170426 1.12850515 1.13534728]","[ 1.00000000e+00 -1.41848000e+00  2.01208551e+00 -2.85410305e+00
  4.04848810e+00 -5.74269940e+00  8.14590425e+00 -1.15548023e+01
  1.63902559e+01 -2.32492502e+01  3.29785964e+01 -4.67794794e+01
  6.63557560e+01 -9.41243128e+01  1.33513455e+02 -1.89386166e+02
  2.68640489e+02 -3.81061160e+02  5.40527635e+02 -7.66727639e+02
  1.08758782e+03 -1.54272157e+03]","[  1.          -1.24184      1.54216659  -1.91512415   2.37827778
  -2.95344048   3.66770052  -4.55469721   5.65620519  -7.02410185
   8.72281064 -10.83233517  13.45202711 -16.70526534  20.74526671
 -25.76230201  31.99265713 -39.72976133  49.33800681 -61.26991038
  76.0874255  -94.48840849]","[   1.           -1.278768      1.6352476    -2.0911023     2.67403471
   -3.41947001    4.37270883   -5.59168012    7.15046161   -9.14378149
   11.69277517  -14.95234672   19.12058251  -24.45078906   31.26688662
  -39.98309407   51.12910123  -65.38225853   83.60873997 -106.9161812
  136.7209912  -174.83442847]","[ 1.00000000e+00 -3.28440000e-01  1.07872834e-01 -3.54297535e-02
  1.16365482e-02 -3.82190790e-03  1.25526743e-03 -4.12280035e-04
  1.35409255e-04 -4.44738156e-05  1.46069800e-05 -4.79751651e-06
  1.57569632e-06 -5.17521700e-07  1.69974827e-07 -5.58265323e-08
  1.83356663e-08 -6.02216622e-09  1.97792027e-09 -6.49628135e-10
  2.13363865e-10 -7.00772277e-11]","[1.00000000e+00 5.99934000e-01 3.59920804e-01 2.15928728e-01
 1.29542985e-01 7.77172414e-02 4.66252155e-02 2.79720520e-02
 1.67813851e-02 1.00677235e-02 6.03996961e-03 3.62358313e-03
 2.17391072e-03 1.30420295e-03 7.82435695e-04 4.69409776e-04
 2.81614885e-04 1.68950344e-04 1.01359056e-04 6.08087438e-05
 3.64812329e-05 2.18863320e-05]","[  1.           1.248036     1.55759386   1.94393321   2.42609862
   3.02785842   3.77887631   4.71617368   5.88595453   7.34588315
   9.16792663  11.44190248  14.2799062   17.82183701  22.24229418
  27.75918386  34.64446079  43.23753426  53.96199931  67.34651777
  84.05087865 104.89852239]","[1.00000000e+00 1.64574100e+00 2.70846344e+00 4.45742933e+00
 7.33577420e+00 1.20727844e+01 1.98686762e+01 3.26986951e+01
 5.38135831e+01 8.85632201e+01 1.45752122e+02 2.39870244e+02
 3.94764295e+02 6.49679785e+02 1.06920466e+03 1.75963395e+03
 2.89590173e+03 4.76590421e+03 7.84344396e+03 1.29082773e+04
 2.12436812e+04 3.49615971e+04]","[1.         0.990873   0.9818293  0.97286815 0.96398878 0.95519045
 0.94647243 0.93783398 0.92927437 0.92079288 0.9123888  0.90406143
 0.89581006 0.887634   0.87953257 0.87150507 0.86355085 0.85566922
 0.84785952 0.84012111 0.83245332 0.82485552]","[1.00000000e+00 1.68122300e+00 2.82651078e+00 4.75199493e+00
 7.98916317e+00 1.34315649e+01 2.25814558e+01 3.79644628e+01
 6.38267281e+01 1.07306963e+02 1.80406935e+02 3.03304288e+02
 5.09922145e+02 8.57292838e+02 1.44130044e+03 2.42314745e+03
 4.07385122e+03 6.84905237e+03 1.15147844e+04 1.93589203e+04
 3.25466621e+04 5.47181969e+04]","[1.00000000e+00 2.42633000e-01 5.88707727e-02 1.42839922e-02
 3.46576788e-03 8.40909657e-04 2.04032433e-04 4.95050013e-05
 1.20115470e-05 2.91439768e-06 7.07129052e-07 1.71572843e-07
 4.16292337e-08 1.01006259e-08 2.45074515e-09 5.94631649e-10
 1.44277261e-10 3.50064246e-11 8.49371382e-12 2.06085527e-12
 5.00031496e-13 1.21324142e-13]","[  1.           1.38482      1.91772643   2.65570592   3.67767467
   5.09291744   7.05277392   9.76682238  13.52529097  18.73009345
  25.93780801  35.91919529  49.74162002  68.88319023  95.3908195
 132.09911465 182.93349595 253.32996387 350.81640056 485.81756783
 672.76988428 931.66519115]","[ 1.00000000e+00 -1.85880600e+00  3.45515975e+00 -6.42247167e+00
  1.19381289e+01 -2.21906656e+01  4.12481423e+01 -7.66722944e+01
  1.42518921e+02 -2.64915025e+02  4.92425638e+02 -9.15323731e+02
  1.70140924e+03 -3.16258971e+03  5.87864073e+03 -1.09272527e+04
  2.03116428e+04 -3.77554035e+04  7.01799706e+04 -1.30450950e+05
  2.42483009e+05 -4.50728873e+05]","[ 1.00000000e+00 -5.59941000e-01  3.13533923e-01 -1.75560499e-01
  9.83035212e-02 -5.50441719e-02  3.08214887e-02 -1.72582152e-02
  9.66358228e-03 -5.41103592e-03  3.02986087e-03 -1.69654332e-03
  9.49964165e-04 -5.31923884e-04  2.97845992e-04 -1.66776182e-04
  9.33848224e-05 -5.22899908e-05  2.92793098e-05 -1.63946860e-05
  9.18005686e-06 -5.14029022e-06]","[   1.           -1.318246      1.73777252   -2.29081167    3.01985332
   -3.98090956    5.2478181    -6.91791522    9.11951407  -12.02176294
   15.84764091  -20.89108924   27.53959483  -36.30396073   47.85755101
  -63.08802519   83.16553686 -109.6326363   144.52278427 -190.51658228
  251.14772252 -331.07448063]"
"[1.00000000e+00 2.46119000e-01 6.05745622e-02 1.49085507e-02
 3.66927758e-03 9.03078929e-04 2.22264883e-04 5.47036107e-05
 1.34635980e-05 3.31364727e-06 8.15551552e-07 2.00722732e-07
 4.94016782e-08 1.21586916e-08 2.99248503e-09 7.36507422e-10
 1.81268470e-10 4.46136146e-11 1.09802582e-11 2.70245017e-12
 6.65124334e-13 1.63699736e-13 4.02896153e-14]","[1.         0.87242    0.76111666 0.66401339 0.57929856 0.50539165
 0.44091379 0.38466201 0.33558683 0.29277266 0.25542072 0.22283415
 0.19440497 0.16960278 0.14796486 0.1290875  0.11261852 0.09825065
 0.08571583 0.0747802  0.06523975 0.05691646 0.04965506]","[1.00000000e+00 2.19200000e-01 4.80486400e-02 1.05322619e-02
 2.30867181e-03 5.06060860e-04 1.10928540e-04 2.43155361e-05
 5.32996551e-06 1.16832844e-06 2.56097594e-07 5.61365926e-08
 1.23051411e-08 2.69728693e-09 5.91245295e-10 1.29600969e-10
 2.84085323e-11 6.22715028e-12 1.36499134e-12 2.99206102e-13
 6.55859776e-14 1.43764463e-14 3.15131703e-15]","[1.00000000e+00 1.80924200e+00 3.27335661e+00 5.92229427e+00
 1.07148635e+01 1.93857811e+01 3.50735694e+01 6.34565748e+01
 1.14808300e+02 2.07715999e+02 3.75808509e+02 6.79928539e+02
 1.23015527e+03 2.22564858e+03 4.02673689e+03 7.28534151e+03
 1.31809458e+04 2.38475208e+04 4.31459362e+04 7.80614400e+04
 1.41232036e+05 2.55522931e+05 4.62302819e+05]","[ 1.         -0.923474    0.85280423 -0.78754253  0.72727505 -0.6716196
  0.62022324 -0.57276004  0.528929   -0.48845218  0.45107289 -0.41655409
  0.38467687 -0.35523909  0.32805406 -0.30294939  0.27976589 -0.25835652
  0.23858553 -0.22032754  0.20346675 -0.18789626  0.17351731]","[1.         1.006063   1.01216276 1.0182995  1.02447345 1.03068484
 1.03693388 1.04322081 1.04954586 1.05590925 1.06231123 1.06875202
 1.07523187 1.081751   1.08830965 1.09490807 1.1015465  1.10822518
 1.11494435 1.12170426 1.12850515 1.13534728 1.14223089]","[ 1.00000000e+00 -1.41848000e+00  2.01208551e+00 -2.85410305e+00
  4.04848810e+00 -5.74269940e+00  8.14590425e+00 -1.15548023e+01
  1.63902559e+01 -2.32492502e+01  3.29785964e+01 -4.67794794e+01
  6.63557560e+01 -9.41243128e+01  1.33513455e+02 -1.89386166e+02
  2.68640489e+02 -3.81061160e+02  5.40527635e+02 -7.66727639e+02
  1.08758782e+03 -1.54272157e+03  2.18831970e+03]","[  1.          -1.24184      1.54216659  -1.91512415   2.37827778
  -2.95344048   3.66770052  -4.55469721   5.65620519  -7.02410185
   8.72281064 -10.83233517  13.45202711 -16.70526534  20.74526671
 -25.76230201  31.99265713 -39.72976133  49.33800681 -61.26991038
  76.0874255  -94.48840849 117.33948519]","[   1.           -1.278768      1.6352476    -2.0911023     2.67403471
   -3.41947001    4.37270883   -5.59168012    7.15046161   -9.14378149
   11.69277517  -14.95234672   19.12058251  -24.45078906   31.26688662
  -39.98309407   51.12910123  -65.38225853   83.60873997 -106.9161812
  136.7209912  -174.83442847  223.57267243]","[ 1.00000000e+00 -3.28440000e-01  1.07872834e-01 -3.54297535e-02
  1.16365482e-02 -3.82190790e-03  1.25526743e-03 -4.12280035e-04
  1.35409255e-04 -4.44738156e-05  1.46069800e-05 -4.79751651e-06
  1.57569632e-06 -5.17521700e-07  1.69974827e-07 -5.58265323e-08
  1.83356663e-08 -6.02216622e-09  1.97792027e-09 -6.49628135e-10
  2.13363865e-10 -7.00772277e-11  2.30161647e-11]","[1.00000000e+00 5.99934000e-01 3.59920804e-01 2.15928728e-01
 1.29542985e-01 7.77172414e-02 4.66252155e-02 2.79720520e-02
 1.67813851e-02 1.00677235e-02 6.03996961e-03 3.62358313e-03
 2.17391072e-03 1.30420295e-03 7.82435695e-04 4.69409776e-04
 2.81614885e-04 1.68950344e-04 1.01359056e-04 6.08087438e-05
 3.64812329e-05 2.18863320e-05 1.31303547e-05]","[  1.           1.248036     1.55759386   1.94393321   2.42609862
   3.02785842   3.77887631   4.71617368   5.88595453   7.34588315
   9.16792663  11.44190248  14.2799062   17.82183701  22.24229418
  27.75918386  34.64446079  43.23753426  53.96199931  67.34651777
  84.05087865 104.89852239 130.91713229]","[1.00000000e+00 1.64574100e+00 2.70846344e+00 4.45742933e+00
 7.33577420e+00 1.20727844e+01 1.98686762e+01 3.26986951e+01
 5.38135831e+01 8.85632201e+01 1.45752122e+02 2.39870244e+02
 3.94764295e+02 6.49679785e+02 1.06920466e+03 1.75963395e+03
 2.89590173e+03 4.76590421e+03 7.84344396e+03 1.29082773e+04
 2.12436812e+04 3.49615971e+04 5.75377338e+04]","[1.         0.990873   0.9818293  0.97286815 0.96398878 0.95519045
 0.94647243 0.93783398 0.92927437 0.92079288 0.9123888  0.90406143
 0.89581006 0.887634   0.87953257 0.87150507 0.86355085 0.85566922
 0.84785952 0.84012111 0.83245332 0.82485552 0.81732707]","[1.00000000e+00 1.68122300e+00 2.82651078e+00 4.75199493e+00
 7.98916317e+00 1.34315649e+01 2.25814558e+01 3.79644628e+01
 6.38267281e+01 1.07306963e+02 1.80406935e+02 3.03304288e+02
 5.09922145e+02 8.57292838e+02 1.44130044e+03 2.42314745e+03
 4.07385122e+03 6.84905237e+03 1.15147844e+04 1.93589203e+04
 3.25466621e+04 5.47181969e+04 9.19934911e+04]","[1.00000000e+00 2.42633000e-01 5.88707727e-02 1.42839922e-02
 3.46576788e-03 8.40909657e-04 2.04032433e-04 4.95050013e-05
 1.20115470e-05 2.91439768e-06 7.07129052e-07 1.71572843e-07
 4.16292337e-08 1.01006259e-08 2.45074515e-09 5.94631649e-10
 1.44277261e-10 3.50064246e-11 8.49371382e-12 2.06085527e-12
 5.00031496e-13 1.21324142e-13 2.94372405e-14]","[1.00000000e+00 1.38482000e+00 1.91772643e+00 2.65570592e+00
 3.67767467e+00 5.09291744e+00 7.05277392e+00 9.76682238e+00
 1.35252910e+01 1.87300934e+01 2.59378080e+01 3.59191953e+01
 4.97416200e+01 6.88831902e+01 9.53908195e+01 1.32099115e+02
 1.82933496e+02 2.53329964e+02 3.50816401e+02 4.85817568e+02
 6.72769884e+02 9.31665191e+02 1.29018859e+03]","[ 1.00000000e+00 -1.85880600e+00  3.45515975e+00 -6.42247167e+00
  1.19381289e+01 -2.21906656e+01  4.12481423e+01 -7.66722944e+01
  1.42518921e+02 -2.64915025e+02  4.92425638e+02 -9.15323731e+02
  1.70140924e+03 -3.16258971e+03  5.87864073e+03 -1.09272527e+04
  2.03116428e+04 -3.77554035e+04  7.01799706e+04 -1.30450950e+05
  2.42483009e+05 -4.50728873e+05  8.37817533e+05]","[ 1.00000000e+00 -5.59941000e-01  3.13533923e-01 -1.75560499e-01
  9.83035212e-02 -5.50441719e-02  3.08214887e-02 -1.72582152e-02
  9.66358228e-03 -5.41103592e-03  3.02986087e-03 -1.69654332e-03
  9.49964165e-04 -5.31923884e-04  2.97845992e-04 -1.66776182e-04
  9.33848224e-05 -5.22899908e-05  2.92793098e-05 -1.63946860e-05
  9.18005686e-06 -5.14029022e-06  2.87825925e-06]","[   1.           -1.318246      1.73777252   -2.29081167    3.01985332
   -3.98090956    5.2478181    -6.91791522    9.11951407  -12.02176294
   15.84764091  -20.89108924   27.53959483  -36.30396073   47.85755101
  -63.08802519   83.16553686 -109.6326363   144.52278427 -190.51658228
  251.14772252 -331.07448063  436.43760979]"
"[1.00000000e+00 2.46119000e-01 6.05745622e-02 1.49085507e-02
 3.66927758e-03 9.03078929e-04 2.22264883e-04 5.47036107e-05
 1.34635980e-05 3.31364727e-06 8.15551552e-07 2.00722732e-07
 4.94016782e-08 1.21586916e-08 2.99248503e-09 7.36507422e-10
 1.81268470e-10 4.46136146e-11 1.09802582e-11 2.70245017e-12
 6.65124334e-13 1.63699736e-13 4.02896153e-14 9.91603983e-15]","[1.         0.87242    0.76111666 0.66401339 0.57929856 0.50539165
 0.44091379 0.38466201 0.33558683 0.29277266 0.25542072 0.22283415
 0.19440497 0.16960278 0.14796486 0.1290875  0.11261852 0.09825065
 0.08571583 0.0747802  0.06523975 0.05691646 0.04965506 0.04332007]","[1.00000000e+00 2.19200000e-01 4.80486400e-02 1.05322619e-02
 2.30867181e-03 5.06060860e-04 1.10928540e-04 2.43155361e-05
 5.32996551e-06 1.16832844e-06 2.56097594e-07 5.61365926e-08
 1.23051411e-08 2.69728693e-09 5.91245295e-10 1.29600969e-10
 2.84085323e-11 6.22715028e-12 1.36499134e-12 2.99206102e-13
 6.55859776e-14 1.43764463e-14 3.15131703e-15 6.90768692e-16]","[1.00000000e+00 1.80924200e+00 3.27335661e+00 5.92229427e+00
 1.07148635e+01 1.93857811e+01 3.50735694e+01 6.34565748e+01
 1.14808300e+02 2.07715999e+02 3.75808509e+02 6.79928539e+02
 1.23015527e+03 2.22564858e+03 4.02673689e+03 7.28534151e+03
 1.31809458e+04 2.38475208e+04 4.31459362e+04 7.80614400e+04
 1.41232036e+05 2.55522931e+05 4.62302819e+05 8.36417676e+05]","[ 1.         -0.923474    0.85280423 -0.78754253  0.72727505 -0.6716196
  0.62022324 -0.57276004  0.528929   -0.48845218  0.45107289 -0.41655409
  0.38467687 -0.35523909  0.32805406 -0.30294939  0.27976589 -0.25835652
  0.23858553 -0.22032754  0.20346675 -0.18789626  0.17351731 -0.16023872]","[1.         1.006063   1.01216276 1.0182995  1.02447345 1.03068484
 1.03693388 1.04322081 1.04954586 1.05590925 1.06231123 1.06875202
 1.07523187 1.081751   1.08830965 1.09490807 1.1015465  1.10822518
 1.11494435 1.12170426 1.12850515 1.13534728 1.14223089 1.14915623]","[ 1.00000000e+00 -1.41848000e+00  2.01208551e+00 -2.85410305e+00
  4.04848810e+00 -5.74269940e+00  8.14590425e+00 -1.15548023e+01
  1.63902559e+01 -2.32492502e+01  3.29785964e+01 -4.67794794e+01
  6.63557560e+01 -9.41243128e+01  1.33513455e+02 -1.89386166e+02
  2.68640489e+02 -3.81061160e+02  5.40527635e+02 -7.66727639e+02
  1.08758782e+03 -1.54272157e+03  2.18831970e+03 -3.10408772e+03]","[   1.           -1.24184       1.54216659   -1.91512415    2.37827778
   -2.95344048    3.66770052   -4.55469721    5.65620519   -7.02410185
    8.72281064  -10.83233517   13.45202711  -16.70526534   20.74526671
  -25.76230201   31.99265713  -39.72976133   49.33800681  -61.26991038
   76.0874255   -94.48840849  117.33948519 -145.71686629]","[   1.           -1.278768      1.6352476    -2.0911023     2.67403471
   -3.41947001    4.37270883   -5.59168012    7.15046161   -9.14378149
   11.69277517  -14.95234672   19.12058251  -24.45078906   31.26688662
  -39.98309407   51.12910123  -65.38225853   83.60873997 -106.9161812
  136.7209912  -174.83442847  223.57267243 -285.89757918]","[ 1.00000000e+00 -3.28440000e-01  1.07872834e-01 -3.54297535e-02
  1.16365482e-02 -3.82190790e-03  1.25526743e-03 -4.12280035e-04
  1.35409255e-04 -4.44738156e-05  1.46069800e-05 -4.79751651e-06
  1.57569632e-06 -5.17521700e-07  1.69974827e-07 -5.58265323e-08
  1.83356663e-08 -6.02216622e-09  1.97792027e-09 -6.49628135e-10
  2.13363865e-10 -7.00772277e-11  2.30161647e-11 -7.55942912e-12]","[1.00000000e+00 5.99934000e-01 3.59920804e-01 2.15928728e-01
 1.29542985e-01 7.77172414e-02 4.66252155e-02 2.79720520e-02
 1.67813851e-02 1.00677235e-02 6.03996961e-03 3.62358313e-03
 2.17391072e-03 1.30420295e-03 7.82435695e-04 4.69409776e-04
 2.81614885e-04 1.68950344e-04 1.01359056e-04 6.08087438e-05
 3.64812329e-05 2.18863320e-05 1.31303547e-05 7.87734621e-06]","[  1.           1.248036     1.55759386   1.94393321   2.42609862
   3.02785842   3.77887631   4.71617368   5.88595453   7.34588315
   9.16792663  11.44190248  14.2799062   17.82183701  22.24229418
  27.75918386  34.64446079  43.23753426  53.96199931  67.34651777
  84.05087865 104.89852239 130.91713229 163.38929411]","[1.00000000e+00 1.64574100e+00 2.70846344e+00 4.45742933e+00
 7.33577420e+00 1.20727844e+01 1.98686762e+01 3.26986951e+01
 5.38135831e+01 8.85632201e+01 1.45752122e+02 2.39870244e+02
 3.94764295e+02 6.49679785e+02 1.06920466e+03 1.75963395e+03
 2.89590173e+03 4.76590421e+03 7.84344396e+03 1.29082773e+04
 2.12436812e+04 3.49615971e+04 5.75377338e+04 9.46922076e+04]","[1.         0.990873   0.9818293  0.97286815 0.96398878 0.95519045
 0.94647243 0.93783398 0.92927437 0.92079288 0.9123888  0.90406143
 0.89581006 0.887634   0.87953257 0.87150507 0.86355085 0.85566922
 0.84785952 0.84012111 0.83245332 0.82485552 0.81732707 0.80986732]","[1.00000000e+00 1.68122300e+00 2.82651078e+00 4.75199493e+00
 7.98916317e+00 1.34315649e+01 2.25814558e+01 3.79644628e+01
 6.38267281e+01 1.07306963e+02 1.80406935e+02 3.03304288e+02
 5.09922145e+02 8.57292838e+02 1.44130044e+03 2.42314745e+03
 4.07385122e+03 6.84905237e+03 1.15147844e+04 1.93589203e+04
 3.25466621e+04 5.47181969e+04 9.19934911e+04 1.54661573e+05]","[1.00000000e+00 2.42633000e-01 5.88707727e-02 1.42839922e-02
 3.46576788e-03 8.40909657e-04 2.04032433e-04 4.95050013e-05
 1.20115470e-05 2.91439768e-06 7.07129052e-07 1.71572843e-07
 4.16292337e-08 1.01006259e-08 2.45074515e-09 5.94631649e-10
 1.44277261e-10 3.50064246e-11 8.49371382e-12 2.06085527e-12
 5.00031496e-13 1.21324142e-13 2.94372405e-14 7.14244598e-15]","[1.00000000e+00 1.38482000e+00 1.91772643e+00 2.65570592e+00
 3.67767467e+00 5.09291744e+00 7.05277392e+00 9.76682238e+00
 1.35252910e+01 1.87300934e+01 2.59378080e+01 3.59191953e+01
 4.97416200e+01 6.88831902e+01 9.53908195e+01 1.32099115e+02
 1.82933496e+02 2.53329964e+02 3.50816401e+02 4.85817568e+02
 6.72769884e+02 9.31665191e+02 1.29018859e+03 1.78667896e+03]","[ 1.00000000e+00 -1.85880600e+00  3.45515975e+00 -6.42247167e+00
  1.19381289e+01 -2.21906656e+01  4.12481423e+01 -7.66722944e+01
  1.42518921e+02 -2.64915025e+02  4.92425638e+02 -9.15323731e+02
  1.70140924e+03 -3.16258971e+03  5.87864073e+03 -1.09272527e+04
  2.03116428e+04 -3.77554035e+04  7.01799706e+04 -1.30450950e+05
  2.42483009e+05 -4.50728873e+05  8.37817533e+05 -1.55734026e+06]","[ 1.00000000e+00 -5.59941000e-01  3.13533923e-01 -1.75560499e-01
  9.83035212e-02 -5.50441719e-02  3.08214887e-02 -1.72582152e-02
  9.66358228e-03 -5.41103592e-03  3.02986087e-03 -1.69654332e-03
  9.49964165e-04 -5.31923884e-04  2.97845992e-04 -1.66776182e-04
  9.33848224e-05 -5.22899908e-05  2.92793098e-05 -1.63946860e-05
  9.18005686e-06 -5.14029022e-06  2.87825925e-06 -1.61165536e-06]","[   1.           -1.318246      1.73777252   -2.29081167    3.01985332
   -3.98090956    5.2478181    -6.91791522    9.11951407  -12.02176294
   15.84764091  -20.89108924   27.53959483  -36.30396073   47.85755101
  -63.08802519   83.16553686 -109.6326363   144.52278427 -190.51658228
  251.14772252 -331.07448063  436.43760979 -575.33213335]"
"[1.00000000e+00 2.46119000e-01 6.05745622e-02 1.49085507e-02
 3.66927758e-03 9.03078929e-04 2.22264883e-04 5.47036107e-05
 1.34635980e-05 3.31364727e-06 8.15551552e-07 2.00722732e-07
 4.94016782e-08 1.21586916e-08 2.99248503e-09 7.36507422e-10
 1.81268470e-10 4.46136146e-11 1.09802582e-11 2.70245017e-12
 6.65124334e-13 1.63699736e-13 4.02896153e-14 9.91603983e-15
 2.44052581e-15]","[1.         0.87242    0.76111666 0.66401339 0.57929856 0.50539165
 0.44091379 0.38466201 0.33558683 0.29277266 0.25542072 0.22283415
 0.19440497 0.16960278 0.14796486 0.1290875  0.11261852 0.09825065
 0.08571583 0.0747802  0.06523975 0.05691646 0.04965506 0.04332007
 0.03779329]","[1.00000000e+00 2.19200000e-01 4.80486400e-02 1.05322619e-02
 2.30867181e-03 5.06060860e-04 1.10928540e-04 2.43155361e-05
 5.32996551e-06 1.16832844e-06 2.56097594e-07 5.61365926e-08
 1.23051411e-08 2.69728693e-09 5.91245295e-10 1.29600969e-10
 2.84085323e-11 6.22715028e-12 1.36499134e-12 2.99206102e-13
 6.55859776e-14 1.43764463e-14 3.15131703e-15 6.90768692e-16
 1.51416497e-16]","[1.00000000e+00 1.80924200e+00 3.27335661e+00 5.92229427e+00
 1.07148635e+01 1.93857811e+01 3.50735694e+01 6.34565748e+01
 1.14808300e+02 2.07715999e+02 3.75808509e+02 6.79928539e+02
 1.23015527e+03 2.22564858e+03 4.02673689e+03 7.28534151e+03
 1.31809458e+04 2.38475208e+04 4.31459362e+04 7.80614400e+04
 1.41232036e+05 2.55522931e+05 4.62302819e+05 8.36417676e+05
 1.51328199e+06]","[ 1.         -0.923474    0.85280423 -0.78754253  0.72727505 -0.6716196
  0.62022324 -0.57276004  0.528929   -0.48845218  0.45107289 -0.41655409
  0.38467687 -0.35523909  0.32805406 -0.30294939  0.27976589 -0.25835652
  0.23858553 -0.22032754  0.20346675 -0.18789626  0.17351731 -0.16023872
  0.14797629]","[1.         1.006063   1.01216276 1.0182995  1.02447345 1.03068484
 1.03693388 1.04322081 1.04954586 1.05590925 1.06231123 1.06875202
 1.07523187 1.081751   1.08830965 1.09490807 1.1015465  1.10822518
 1.11494435 1.12170426 1.12850515 1.13534728 1.14223089 1.14915623
 1.15612357]","[ 1.00000000e+00 -1.41848000e+00  2.01208551e+00 -2.85410305e+00
  4.04848810e+00 -5.74269940e+00  8.14590425e+00 -1.15548023e+01
  1.63902559e+01 -2.32492502e+01  3.29785964e+01 -4.67794794e+01
  6.63557560e+01 -9.41243128e+01  1.33513455e+02 -1.89386166e+02
  2.68640489e+02 -3.81061160e+02  5.40527635e+02 -7.66727639e+02
  1.08758782e+03 -1.54272157e+03  2.18831970e+03 -3.10408772e+03
  4.40308636e+03]","[   1.           -1.24184       1.54216659   -1.91512415    2.37827778
   -2.95344048    3.66770052   -4.55469721    5.65620519   -7.02410185
    8.72281064  -10.83233517   13.45202711  -16.70526534   20.74526671
  -25.76230201   31.99265713  -39.72976133   49.33800681  -61.26991038
   76.0874255   -94.48840849  117.33948519 -145.71686629  180.95703324]","[   1.           -1.278768      1.6352476    -2.0911023     2.67403471
   -3.41947001    4.37270883   -5.59168012    7.15046161   -9.14378149
   11.69277517  -14.95234672   19.12058251  -24.45078906   31.26688662
  -39.98309407   51.12910123  -65.38225853   83.60873997 -106.9161812
  136.7209912  -174.83442847  223.57267243 -285.89757918  365.59667553]","[ 1.00000000e+00 -3.28440000e-01  1.07872834e-01 -3.54297535e-02
  1.16365482e-02 -3.82190790e-03  1.25526743e-03 -4.12280035e-04
  1.35409255e-04 -4.44738156e-05  1.46069800e-05 -4.79751651e-06
  1.57569632e-06 -5.17521700e-07  1.69974827e-07 -5.58265323e-08
  1.83356663e-08 -6.02216622e-09  1.97792027e-09 -6.49628135e-10
  2.13363865e-10 -7.00772277e-11  2.30161647e-11 -7.55942912e-12
  2.48281890e-12]","[1.00000000e+00 5.99934000e-01 3.59920804e-01 2.15928728e-01
 1.29542985e-01 7.77172414e-02 4.66252155e-02 2.79720520e-02
 1.67813851e-02 1.00677235e-02 6.03996961e-03 3.62358313e-03
 2.17391072e-03 1.30420295e-03 7.82435695e-04 4.69409776e-04
 2.81614885e-04 1.68950344e-04 1.01359056e-04 6.08087438e-05
 3.64812329e-05 2.18863320e-05 1.31303547e-05 7.87734621e-06
 4.72588782e-06]","[  1.           1.248036     1.55759386   1.94393321   2.42609862
   3.02785842   3.77887631   4.71617368   5.88595453   7.34588315
   9.16792663  11.44190248  14.2799062   17.82183701  22.24229418
  27.75918386  34.64446079  43.23753426  53.96199931  67.34651777
  84.05087865 104.89852239 130.91713229 163.38929411 203.91572106]","[1.00000000e+00 1.64574100e+00 2.70846344e+00 4.45742933e+00
 7.33577420e+00 1.20727844e+01 1.98686762e+01 3.26986951e+01
 5.38135831e+01 8.85632201e+01 1.45752122e+02 2.39870244e+02
 3.94764295e+02 6.49679785e+02 1.06920466e+03 1.75963395e+03
 2.89590173e+03 4.76590421e+03 7.84344396e+03 1.29082773e+04
 2.12436812e+04 3.49615971e+04 5.75377338e+04 9.46922076e+04
 1.55838848e+05]","[1.         0.990873   0.9818293  0.97286815 0.96398878 0.95519045
 0.94647243 0.93783398 0.92927437 0.92079288 0.9123888  0.90406143
 0.89581006 0.887634   0.87953257 0.87150507 0.86355085 0.85566922
 0.84785952 0.84012111 0.83245332 0.82485552 0.81732707 0.80986732
 0.80247566]","[1.00000000e+00 1.68122300e+00 2.82651078e+00 4.75199493e+00
 7.98916317e+00 1.34315649e+01 2.25814558e+01 3.79644628e+01
 6.38267281e+01 1.07306963e+02 1.80406935e+02 3.03304288e+02
 5.09922145e+02 8.57292838e+02 1.44130044e+03 2.42314745e+03
 4.07385122e+03 6.84905237e+03 1.15147844e+04 1.93589203e+04
 3.25466621e+04 5.47181969e+04 9.19934911e+04 1.54661573e+05
 2.60020594e+05]","[1.00000000e+00 2.42633000e-01 5.88707727e-02 1.42839922e-02
 3.46576788e-03 8.40909657e-04 2.04032433e-04 4.95050013e-05
 1.20115470e-05 2.91439768e-06 7.07129052e-07 1.71572843e-07
 4.16292337e-08 1.01006259e-08 2.45074515e-09 5.94631649e-10
 1.44277261e-10 3.50064246e-11 8.49371382e-12 2.06085527e-12
 5.00031496e-13 1.21324142e-13 2.94372405e-14 7.14244598e-15
 1.73299310e-15]","[1.00000000e+00 1.38482000e+00 1.91772643e+00 2.65570592e+00
 3.67767467e+00 5.09291744e+00 7.05277392e+00 9.76682238e+00
 1.35252910e+01 1.87300934e+01 2.59378080e+01 3.59191953e+01
 4.97416200e+01 6.88831902e+01 9.53908195e+01 1.32099115e+02
 1.82933496e+02 2.53329964e+02 3.50816401e+02 4.85817568e+02
 6.72769884e+02 9.31665191e+02 1.29018859e+03 1.78667896e+03
 2.47422876e+03]","[ 1.00000000e+00 -1.85880600e+00  3.45515975e+00 -6.42247167e+00
  1.19381289e+01 -2.21906656e+01  4.12481423e+01 -7.66722944e+01
  1.42518921e+02 -2.64915025e+02  4.92425638e+02 -9.15323731e+02
  1.70140924e+03 -3.16258971e+03  5.87864073e+03 -1.09272527e+04
  2.03116428e+04 -3.77554035e+04  7.01799706e+04 -1.30450950e+05
  2.42483009e+05 -4.50728873e+05  8.37817533e+05 -1.55734026e+06
  2.89479341e+06]","[ 1.00000000e+00 -5.59941000e-01  3.13533923e-01 -1.75560499e-01
  9.83035212e-02 -5.50441719e-02  3.08214887e-02 -1.72582152e-02
  9.66358228e-03 -5.41103592e-03  3.02986087e-03 -1.69654332e-03
  9.49964165e-04 -5.31923884e-04  2.97845992e-04 -1.66776182e-04
  9.33848224e-05 -5.22899908e-05  2.92793098e-05 -1.63946860e-05
  9.18005686e-06 -5.14029022e-06  2.87825925e-06 -1.61165536e-06
  9.02431914e-07]","[   1.           -1.318246      1.73777252   -2.29081167    3.01985332
   -3.98090956    5.2478181    -6.91791522    9.11951407  -12.02176294
   15.84764091  -20.89108924   27.53959483  -36.30396073   47.85755101
  -63.08802519   83.16553686 -109.6326363   144.52278427 -190.51658228
  251.14772252 -331.07448063  436.43760979 -575.33213335  758.42928346]"
