[0.]
[  0.         167.19840854]
[  0.         164.61147515  47.94708175]
[   0.         -221.13608817   23.3162024   174.46606347]
[   0.         -216.22997278  -40.73261034  171.83444553   18.85594636]
"[   0.           75.92176763   11.71715688 -172.95314301    2.06669169
   76.97297726]"
"[   0.           76.04058541   13.17548152 -173.06400652    0.94311617
   76.98993169    0.20617904]"
"[  0.           1.14116218  10.62512673   0.25552779  -2.87813669
 -21.87741547   1.21642023  15.54965251]"
"[  0.           0.46769784 -17.2075717    1.44777807  36.87973727
 -22.88750264 -16.70927838  15.74421739   2.46491243]"
"[   0.          -21.33015382  -22.23926688   82.49755478   42.02280909
 -104.59703742  -18.49006328   45.91073823    2.65892953   -3.65501474]"
"[   0.          -20.98873617  -33.88119895   81.10728939   67.33047171
 -103.12868094  -37.7392236    45.3383779     8.58943766   -3.58273424
   -0.63386825]"
"[   0.          -36.28975213  -40.4157392   164.39943805   80.18994625
 -229.53927332  -47.5653176   122.99049119   11.78568156  -24.24719667
   -0.99816214    1.98297413]"
"[   0.          -36.04538217   16.26983197  161.5276636  -100.14472534
 -226.46044588  161.89047868  122.23254344  -97.14525829  -24.45084031
   24.82260883    2.04589472   -2.27310253]"
"[   0.          -44.92235841   16.39046986  228.29384011 -105.37988346
 -371.27286367  170.35811175  256.67700531 -102.09918108  -84.73684428
   26.01327173   14.90753396   -2.37293277   -1.04636107]"
"[   0.          -44.45305978   86.81206354  216.71927716 -412.59600858
 -338.18876661  673.21374111  220.00795457 -492.19414108  -66.26723615
  180.30373291   10.69368305  -32.3917964    -0.69247802    2.2764645 ]"
"[   0.          -17.76120236  120.93693521  -65.82889689 -534.78668504
  521.15528985  851.2715832  -922.47173716 -617.06836568  705.4815665
  225.38059153 -265.66499701  -40.51613008   49.21884444    2.85751996
   -3.5740658 ]"
"[    0.           -14.8020684     56.90022272   -95.95750044
  -176.04495679   622.97832651    77.85442186 -1070.75127505
   205.12373615   812.650798    -248.81099533  -306.06427507
   110.44330063    56.82206927   -22.04790716    -4.13777708
     1.6608417 ]"
"[ 0.00000000e+00 -1.94938552e+01  5.08934683e+01 -3.25974712e+01
 -1.48642887e+02  3.78534233e+02  2.01729016e+01 -6.52232126e+02
  2.69244316e+02  4.35385067e+02 -2.88510506e+02 -1.14264042e+02
  1.24113259e+02  1.58005227e+00 -2.44832452e+01  4.26377535e+00
  1.83521164e+00 -5.23830839e-01]"
"[ 0.00000000e+00 -2.94055867e+01  2.83759961e+02  8.87409212e+01
 -1.92352473e+03 -1.05453393e+02  5.22408150e+03  2.45001521e+02
 -7.29195876e+03 -4.58195969e+02  5.81041738e+03  3.93475381e+02
 -2.73430209e+03 -1.62551606e+02  7.48775126e+02  3.22102217e+01
 -1.10025681e+02 -2.46109829e+00  6.69419703e+00]"
"[ 0.00000000e+00 -1.83738303e+01  2.95783257e+02 -9.75689077e+01
 -1.98798558e+03  8.18168073e+02  5.39632933e+03 -1.84267705e+03
 -7.54696302e+03  2.09485821e+03  6.03100113e+03 -1.43159292e+03
 -2.84828072e+03  6.20573945e+02  7.83259566e+02 -1.65972202e+02
 -1.15629003e+02  2.47593236e+01  7.06986084e+00 -1.56305989e+00]"
"[ 0.00000000e+00 -1.46777661e+01  1.42125328e+02 -1.37632939e+02
 -5.24993917e+02  9.71663726e+02  4.24941255e+00 -2.16817196e+03
  2.47790028e+03  2.52024805e+03 -4.61082676e+03 -1.78189342e+03
  3.98741644e+03  8.00475188e+02 -1.91655946e+03 -2.21190935e+02
  5.24313345e+02  3.39278727e+01 -7.63274641e+01 -2.19158723e+00
  4.58815342e+00]"
"[ 0.00000000e+00  7.95178101e+01  1.60742202e+02 -2.08082675e+03
 -3.47528346e+02  1.30292560e+04 -1.11504946e+03 -3.66926133e+04
  4.90365700e+03  5.67366670e+04 -7.27945850e+03 -5.27011259e+04
  5.63847294e+03  3.05907566e+04 -2.50185238e+03 -1.11525884e+04
  6.38232957e+02  2.47604734e+03 -8.69206480e+01 -3.05391746e+02
  4.89112556e+00  1.60227572e+01]"
"[ 0.00000000e+00  7.57393863e+01  2.57540317e+02 -2.03349550e+03
 -1.52132410e+03  1.28512133e+04  4.37660584e+03 -3.63830456e+04
 -8.17882796e+03  5.64504896e+04  1.07711822e+04 -5.25487723e+04
 -9.76825407e+03  3.05350658e+04  5.87550201e+03 -1.11325319e+04
 -2.26405244e+03  2.46911772e+03  5.32321236e+02 -3.03938110e+02
 -6.91749786e+01  1.59012418e+01  3.79598282e+00]"
"[ 0.00000000e+00  5.58046636e+01  2.37678579e+02 -1.54174761e+03
 -1.35949714e+03  9.14283891e+03  3.72602348e+03 -2.33504768e+04
 -6.70930130e+03  3.09592688e+04  8.76589162e+03 -2.21289554e+04
 -8.03430838e+03  7.29843313e+03  4.90057671e+03  4.49196194e+02
 -1.90765300e+03 -1.27405793e+03  4.50560899e+02  4.51110041e+02
 -5.85020600e+01 -7.03625657e+01  3.19314272e+00  4.25750695e+00]"
"[ 0.00000000e+00  5.62200806e+01  2.31521742e+02 -1.54946422e+03
 -1.26878925e+03  9.19236648e+03  3.21403551e+03 -2.35129544e+04
 -5.23027583e+03  3.12724163e+04  6.26230111e+03 -2.25082069e+04
 -5.36385314e+03  7.59739628e+03  3.03619825e+03  2.93770332e+02
 -1.04429727e+03 -1.22125606e+03  1.88017734e+02  4.39848111e+02
 -8.16988078e+00 -6.89961747e+01 -2.31693155e+00  4.18569670e+00
  2.62337283e-01]"
