[1.],[1.],[1.],[1.],[1.],[1.],[1.],[1.],[1.],[1.],[1.],[1.],[1.],[1.],[1.],[1.],[1.],[1.],[1.],[1.]
[1.      1.24561],[ 1.       -1.016511],[1.       0.305252],[ 1.       -1.104524],[ 1.       -0.785528],[1.       0.486322],[ 1.       -1.720929],[ 1.       -0.150237],[1.       1.065645],[ 1.       -0.272616],[ 1.       -1.405794],[ 1.       -1.972946],[ 1.       -0.326951],[1.       1.006105],[1.       0.067061],[ 1.       -1.298048],[ 1.       -1.634338],[ 1.       -0.727636],[1.       0.514267],[ 1.       -0.379221]
[1.         1.24561    1.55154427],[ 1.         -1.016511    1.03329461],[1.         0.305252   0.09317878],[ 1.         -1.104524    1.21997327],[ 1.         -0.785528    0.61705424],[1.         0.486322   0.23650909],[ 1.         -1.720929    2.96159662],[ 1.         -0.150237    0.02257116],[1.         1.065645   1.13559927],[ 1.         -0.272616    0.07431948],[ 1.         -1.405794    1.97625677],[ 1.         -1.972946    3.89251592],[ 1.         -0.326951    0.10689696],[1.         1.006105   1.01224727],[1.         0.067061   0.00449718],[ 1.         -1.298048    1.68492861],[ 1.        -1.634338   2.6710607],[ 1.         -0.727636    0.52945415],[1.         0.514267   0.26447055],[ 1.         -0.379221    0.14380857]
[1.         1.24561    1.55154427 1.93261906],[ 1.         -1.016511    1.03329461 -1.05035534],[1.         0.305252   0.09317878 0.02844301],[ 1.         -1.104524    1.21997327 -1.34748975],[ 1.         -0.785528    0.61705424 -0.48471338],[1.         0.486322   0.23650909 0.11501957],[ 1.         -1.720929    2.96159662 -5.09669751],[ 1.         -0.150237    0.02257116 -0.00339102],[1.         1.065645   1.13559927 1.21014568],[ 1.         -0.272616    0.07431948 -0.02026068],[ 1.         -1.405794    1.97625677 -2.77820991],[ 1.         -1.972946    3.89251592 -7.67972371],[ 1.         -0.326951    0.10689696 -0.03495007],[1.         1.006105   1.01224727 1.01842704],[1.00000000e+00 6.70610000e-02 4.49717772e-03 3.01585235e-04],[ 1.         -1.298048    1.68492861 -2.18711821],[ 1.        -1.634338   2.6710607 -4.365416 ],[ 1.         -0.727636    0.52945415 -0.3852499 ],[1.         0.514267   0.26447055 0.13600847],[ 1.         -0.379221    0.14380857 -0.05453523]
[1.         1.24561    1.55154427 1.93261906 2.40728963],[ 1.         -1.016511    1.03329461 -1.05035534  1.06769776],[1.         0.305252   0.09317878 0.02844301 0.00868229],[ 1.         -1.104524    1.21997327 -1.34748975  1.48833477],[ 1.         -0.785528    0.61705424 -0.48471338  0.38075593],[1.         0.486322   0.23650909 0.11501957 0.05593655],[ 1.         -1.720929    2.96159662 -5.09669751  8.77105456],"[ 1.00000000e+00 -1.50237000e-01  2.25711562e-02 -3.39102279e-03
  5.09457091e-04]",[1.         1.065645   1.13559927 1.21014568 1.28958569],[ 1.         -0.272616    0.07431948 -0.02026068  0.00552339],[ 1.         -1.405794    1.97625677 -2.77820991  3.90559082],[ 1.         -1.972946    3.89251592 -7.67972371 15.15168018],[ 1.         -0.326951    0.10689696 -0.03495007  0.01142696],[1.         1.006105   1.01224727 1.01842704 1.02464454],"[1.00000000e+00 6.70610000e-02 4.49717772e-03 3.01585235e-04
 2.02246075e-05]",[ 1.         -1.298048    1.68492861 -2.18711821  2.83898442],[ 1.         -1.634338    2.6710607  -4.365416    7.13456525],[ 1.         -0.727636    0.52945415 -0.3852499   0.2803217 ],[1.         0.514267   0.26447055 0.13600847 0.06994467],[ 1.         -0.379221    0.14380857 -0.05453523  0.0206809 ]
[1.         1.24561    1.55154427 1.93261906 2.40728963 2.99854403],[ 1.         -1.016511    1.03329461 -1.05035534  1.06769776 -1.08532652],[1.         0.305252   0.09317878 0.02844301 0.00868229 0.00265029],[ 1.         -1.104524    1.21997327 -1.34748975  1.48833477 -1.64390147],[ 1.         -0.785528    0.61705424 -0.48471338  0.38075593 -0.29909445],[1.         0.486322   0.23650909 0.11501957 0.05593655 0.02720317],"[  1.          -1.720929     2.96159662  -5.09669751   8.77105456
 -15.09436215]","[ 1.00000000e+00 -1.50237000e-01  2.25711562e-02 -3.39102279e-03
  5.09457091e-04 -7.65393050e-05]",[1.         1.065645   1.13559927 1.21014568 1.28958569 1.37424055],[ 1.         -0.272616    0.07431948 -0.02026068  0.00552339 -0.00150576],[ 1.         -1.405794    1.97625677 -2.77820991  3.90559082 -5.49045614],"[  1.          -1.972946     3.89251592  -7.67972371  15.15168018
 -29.8934468 ]",[ 1.         -0.326951    0.10689696 -0.03495007  0.01142696 -0.00373606],[1.         1.006105   1.01224727 1.01842704 1.02464454 1.03089999],"[1.00000000e+00 6.70610000e-02 4.49717772e-03 3.01585235e-04
 2.02246075e-05 1.35628240e-06]",[ 1.         -1.298048    1.68492861 -2.18711821  2.83898442 -3.68513805],"[  1.          -1.634338     2.6710607   -4.365416     7.13456525
 -11.66029111]",[ 1.         -0.727636    0.52945415 -0.3852499   0.2803217  -0.20397216],[1.         0.514267   0.26447055 0.13600847 0.06994467 0.03597024],[ 1.         -0.379221    0.14380857 -0.05453523  0.0206809  -0.00784263]
"[1.         1.24561    1.55154427 1.93261906 2.40728963 2.99854403
 3.73501643]","[ 1.         -1.016511    1.03329461 -1.05035534  1.06769776 -1.08532652
  1.10324634]","[1.00000000e+00 3.05252000e-01 9.31787835e-02 2.84430100e-02
 8.68228570e-03 2.65028507e-03 8.09004819e-04]","[ 1.         -1.104524    1.21997327 -1.34748975  1.48833477 -1.64390147
  1.81572863]","[ 1.         -0.785528    0.61705424 -0.48471338  0.38075593 -0.29909445
  0.23494706]","[1.         0.486322   0.23650909 0.11501957 0.05593655 0.02720317
 0.0132295 ]","[  1.          -1.720929     2.96159662  -5.09669751   8.77105456
 -15.09436215  25.97632556]","[ 1.00000000e+00 -1.50237000e-01  2.25711562e-02 -3.39102279e-03
  5.09457091e-04 -7.65393050e-05  1.14990356e-05]","[1.         1.065645   1.13559927 1.21014568 1.28958569 1.37424055
 1.46445257]","[ 1.00000000e+00 -2.72616000e-01  7.43194835e-02 -2.02606803e-02
  5.52338562e-03 -1.50576329e-03  4.10495166e-04]","[ 1.         -1.405794    1.97625677 -2.77820991  3.90559082 -5.49045614
  7.71845031]","[  1.          -1.972946     3.89251592  -7.67972371  15.15168018
 -29.8934468   58.9781563 ]","[ 1.         -0.326951    0.10689696 -0.03495007  0.01142696 -0.00373606
  0.00122151]","[1.         1.006105   1.01224727 1.01842704 1.02464454 1.03089999
 1.03719364]","[1.00000000e+00 6.70610000e-02 4.49717772e-03 3.01585235e-04
 2.02246075e-05 1.35628240e-06 9.09536541e-08]","[ 1.         -1.298048    1.68492861 -2.18711821  2.83898442 -3.68513805
  4.78348608]","[  1.          -1.634338     2.6710607   -4.365416     7.13456525
 -11.66029111  19.05685685]","[ 1.         -0.727636    0.52945415 -0.3852499   0.2803217  -0.20397216
  0.14841748]","[1.         0.514267   0.26447055 0.13600847 0.06994467 0.03597024
 0.01849831]","[ 1.         -0.379221    0.14380857 -0.05453523  0.0206809  -0.00784263
  0.00297409]"
"[1.         1.24561    1.55154427 1.93261906 2.40728963 2.99854403
 3.73501643 4.65237382]","[ 1.         -1.016511    1.03329461 -1.05035534  1.06769776 -1.08532652
  1.10324634 -1.12146204]","[1.00000000e+00 3.05252000e-01 9.31787835e-02 2.84430100e-02
 8.68228570e-03 2.65028507e-03 8.09004819e-04 2.46950339e-04]","[ 1.         -1.104524    1.21997327 -1.34748975  1.48833477 -1.64390147
  1.81572863 -2.00551585]","[ 1.         -0.785528    0.61705424 -0.48471338  0.38075593 -0.29909445
  0.23494706 -0.1845575 ]","[1.         0.486322   0.23650909 0.11501957 0.05593655 0.02720317
 0.0132295  0.0064338 ]","[  1.          -1.720929     2.96159662  -5.09669751   8.77105456
 -15.09436215  25.97632556 -44.70341197]","[ 1.00000000e+00 -1.50237000e-01  2.25711562e-02 -3.39102279e-03
  5.09457091e-04 -7.65393050e-05  1.14990356e-05 -1.72758061e-06]","[1.         1.065645   1.13559927 1.21014568 1.28958569 1.37424055
 1.46445257 1.56058656]","[ 1.00000000e+00 -2.72616000e-01  7.43194835e-02 -2.02606803e-02
  5.52338562e-03 -1.50576329e-03  4.10495166e-04 -1.11907550e-04]","[  1.          -1.405794     1.97625677  -2.77820991   3.90559082
  -5.49045614   7.71845031 -10.85055113]","[   1.           -1.972946      3.89251592   -7.67972371   15.15168018
  -29.8934468    58.9781563  -116.36071755]","[ 1.00000000e+00 -3.26951000e-01  1.06896956e-01 -3.49500668e-02
  1.14269593e-02 -3.73605577e-03  1.22150717e-03 -3.99372990e-04]","[1.         1.006105   1.01224727 1.01842704 1.02464454 1.03089999
 1.03719364 1.0435257 ]","[1.00000000e+00 6.70610000e-02 4.49717772e-03 3.01585235e-04
 2.02246075e-05 1.35628240e-06 9.09536541e-08 6.09944299e-09]","[ 1.         -1.298048    1.68492861 -2.18711821  2.83898442 -3.68513805
  4.78348608 -6.20919453]","[  1.          -1.634338     2.6710607   -4.365416     7.13456525
 -11.66029111  19.05685685 -31.14534531]","[ 1.         -0.727636    0.52945415 -0.3852499   0.2803217  -0.20397216
  0.14841748 -0.1079939 ]","[1.         0.514267   0.26447055 0.13600847 0.06994467 0.03597024
 0.01849831 0.00951307]","[ 1.         -0.379221    0.14380857 -0.05453523  0.0206809  -0.00784263
  0.00297409 -0.00112784]"
"[1.         1.24561    1.55154427 1.93261906 2.40728963 2.99854403
 3.73501643 4.65237382 5.79504335]","[ 1.         -1.016511    1.03329461 -1.05035534  1.06769776 -1.08532652
  1.10324634 -1.12146204  1.1399785 ]","[1.00000000e+00 3.05252000e-01 9.31787835e-02 2.84430100e-02
 8.68228570e-03 2.65028507e-03 8.09004819e-04 2.46950339e-04
 7.53820849e-05]","[ 1.         -1.104524    1.21997327 -1.34748975  1.48833477 -1.64390147
  1.81572863 -2.00551585  2.21514039]","[ 1.         -0.785528    0.61705424 -0.48471338  0.38075593 -0.29909445
  0.23494706 -0.1845575   0.14497508]","[1.         0.486322   0.23650909 0.11501957 0.05593655 0.02720317
 0.0132295  0.0064338  0.0031289 ]","[  1.          -1.720929     2.96159662  -5.09669751   8.77105456
 -15.09436215  25.97632556 -44.70341197  76.93139805]","[ 1.00000000e+00 -1.50237000e-01  2.25711562e-02 -3.39102279e-03
  5.09457091e-04 -7.65393050e-05  1.14990356e-05 -1.72758061e-06
  2.59546527e-07]","[1.         1.065645   1.13559927 1.21014568 1.28958569 1.37424055
 1.46445257 1.56058656 1.66303126]","[ 1.00000000e+00 -2.72616000e-01  7.43194835e-02 -2.02606803e-02
  5.52338562e-03 -1.50576329e-03  4.10495166e-04 -1.11907550e-04
  3.05077887e-05]","[  1.          -1.405794     1.97625677  -2.77820991   3.90559082
  -5.49045614   7.71845031 -10.85055113  15.25363967]","[   1.           -1.972946      3.89251592   -7.67972371   15.15168018
  -29.8934468    58.9781563  -116.36071755  229.57341225]","[ 1.00000000e+00 -3.26951000e-01  1.06896956e-01 -3.49500668e-02
  1.14269593e-02 -3.73605577e-03  1.22150717e-03 -3.99372990e-04
  1.30575399e-04]","[1.         1.006105   1.01224727 1.01842704 1.02464454 1.03089999
 1.03719364 1.0435257  1.04989643]","[1.00000000e+00 6.70610000e-02 4.49717772e-03 3.01585235e-04
 2.02246075e-05 1.35628240e-06 9.09536541e-08 6.09944299e-09
 4.09034747e-10]","[ 1.         -1.298048    1.68492861 -2.18711821  2.83898442 -3.68513805
  4.78348608 -6.20919453  8.05983255]","[  1.          -1.634338     2.6710607   -4.365416     7.13456525
 -11.66029111  19.05685685 -31.14534531  50.90202136]","[ 1.         -0.727636    0.52945415 -0.3852499   0.2803217  -0.20397216
  0.14841748 -0.1079939   0.07858025]","[1.         0.514267   0.26447055 0.13600847 0.06994467 0.03597024
 0.01849831 0.00951307 0.00489226]","[ 1.00000000e+00 -3.79221000e-01  1.43808567e-01 -5.45352285e-02
  2.06809039e-02 -7.84263306e-03  2.97409115e-03 -1.12783782e-03
  4.27699786e-04]"
"[1.         1.24561    1.55154427 1.93261906 2.40728963 2.99854403
 3.73501643 4.65237382 5.79504335 7.21836395]","[ 1.         -1.016511    1.03329461 -1.05035534  1.06769776 -1.08532652
  1.10324634 -1.12146204  1.1399785  -1.15880069]","[1.00000000e+00 3.05252000e-01 9.31787835e-02 2.84430100e-02
 8.68228570e-03 2.65028507e-03 8.09004819e-04 2.46950339e-04
 7.53820849e-05 2.30105322e-05]","[ 1.         -1.104524    1.21997327 -1.34748975  1.48833477 -1.64390147
  1.81572863 -2.00551585  2.21514039 -2.44667573]","[ 1.         -0.785528    0.61705424 -0.48471338  0.38075593 -0.29909445
  0.23494706 -0.1845575   0.14497508 -0.11388199]","[1.         0.486322   0.23650909 0.11501957 0.05593655 0.02720317
 0.0132295  0.0064338  0.0031289  0.00152165]","[   1.           -1.720929      2.96159662   -5.09669751    8.77105456
  -15.09436215   25.97632556  -44.70341197   76.93139805 -132.39347392]","[ 1.00000000e+00 -1.50237000e-01  2.25711562e-02 -3.39102279e-03
  5.09457091e-04 -7.65393050e-05  1.14990356e-05 -1.72758061e-06
  2.59546527e-07 -3.89934916e-08]","[1.         1.065645   1.13559927 1.21014568 1.28958569 1.37424055
 1.46445257 1.56058656 1.66303126 1.77220095]","[ 1.00000000e+00 -2.72616000e-01  7.43194835e-02 -2.02606803e-02
  5.52338562e-03 -1.50576329e-03  4.10495166e-04 -1.11907550e-04
  3.05077887e-05 -8.31691133e-06]","[  1.          -1.405794     1.97625677  -2.77820991   3.90559082
  -5.49045614   7.71845031 -10.85055113  15.25363967 -21.44347513]","[   1.           -1.972946      3.89251592   -7.67972371   15.15168018
  -29.8934468    58.9781563  -116.36071755  229.57341225 -452.9359454 ]","[ 1.00000000e+00 -3.26951000e-01  1.06896956e-01 -3.49500668e-02
  1.14269593e-02 -3.73605577e-03  1.22150717e-03 -3.99372990e-04
  1.30575399e-04 -4.26917571e-05]","[1.         1.006105   1.01224727 1.01842704 1.02464454 1.03089999
 1.03719364 1.0435257  1.04989643 1.05630605]","[1.00000000e+00 6.70610000e-02 4.49717772e-03 3.01585235e-04
 2.02246075e-05 1.35628240e-06 9.09536541e-08 6.09944299e-09
 4.09034747e-10 2.74302791e-11]","[  1.          -1.298048     1.68492861  -2.18711821   2.83898442
  -3.68513805   4.78348608  -6.20919453   8.05983255 -10.46204952]","[  1.          -1.634338     2.6710607   -4.365416     7.13456525
 -11.66029111  19.05685685 -31.14534531  50.90202136 -83.19110778]","[ 1.         -0.727636    0.52945415 -0.3852499   0.2803217  -0.20397216
  0.14841748 -0.1079939   0.07858025 -0.05717782]","[1.         0.514267   0.26447055 0.13600847 0.06994467 0.03597024
 0.01849831 0.00951307 0.00489226 0.00251593]","[ 1.00000000e+00 -3.79221000e-01  1.43808567e-01 -5.45352285e-02
  2.06809039e-02 -7.84263306e-03  2.97409115e-03 -1.12783782e-03
  4.27699786e-04 -1.62192741e-04]"
"[1.         1.24561    1.55154427 1.93261906 2.40728963 2.99854403
 3.73501643 4.65237382 5.79504335 7.21836395 8.99126632]","[ 1.         -1.016511    1.03329461 -1.05035534  1.06769776 -1.08532652
  1.10324634 -1.12146204  1.1399785  -1.15880069  1.17793364]","[1.00000000e+00 3.05252000e-01 9.31787835e-02 2.84430100e-02
 8.68228570e-03 2.65028507e-03 8.09004819e-04 2.46950339e-04
 7.53820849e-05 2.30105322e-05 7.02401097e-06]","[ 1.         -1.104524    1.21997327 -1.34748975  1.48833477 -1.64390147
  1.81572863 -2.00551585  2.21514039 -2.44667573  2.70241206]","[ 1.         -0.785528    0.61705424 -0.48471338  0.38075593 -0.29909445
  0.23494706 -0.1845575   0.14497508 -0.11388199  0.08945749]","[1.00000000e+00 4.86322000e-01 2.36509088e-01 1.15019573e-01
 5.59365486e-02 2.72031742e-02 1.32295021e-02 6.43379790e-03
 3.12889746e-03 1.52165167e-03 7.40012685e-04]","[   1.           -1.720929      2.96159662   -5.09669751    8.77105456
  -15.09436215   25.97632556  -44.70341197   76.93139805 -132.39347392
  227.83976868]","[ 1.00000000e+00 -1.50237000e-01  2.25711562e-02 -3.39102279e-03
  5.09457091e-04 -7.65393050e-05  1.14990356e-05 -1.72758061e-06
  2.59546527e-07 -3.89934916e-08  5.85826520e-09]","[1.         1.065645   1.13559927 1.21014568 1.28958569 1.37424055
 1.46445257 1.56058656 1.66303126 1.77220095 1.88853708]","[ 1.00000000e+00 -2.72616000e-01  7.43194835e-02 -2.02606803e-02
  5.52338562e-03 -1.50576329e-03  4.10495166e-04 -1.11907550e-04
  3.05077887e-05 -8.31691133e-06  2.26732310e-06]","[  1.          -1.405794     1.97625677  -2.77820991   3.90559082
  -5.49045614   7.71845031 -10.85055113  15.25363967 -21.44347513
  30.14510868]","[   1.           -1.972946      3.89251592   -7.67972371   15.15168018
  -29.8934468    58.9781563  -116.36071755  229.57341225 -452.9359454
  893.61816173]","[ 1.00000000e+00 -3.26951000e-01  1.06896956e-01 -3.49500668e-02
  1.14269593e-02 -3.73605577e-03  1.22150717e-03 -3.99372990e-04
  1.30575399e-04 -4.26917571e-05  1.39581127e-05]","[1.         1.006105   1.01224727 1.01842704 1.02464454 1.03089999
 1.03719364 1.0435257  1.04989643 1.05630605 1.06275479]","[1.00000000e+00 6.70610000e-02 4.49717772e-03 3.01585235e-04
 2.02246075e-05 1.35628240e-06 9.09536541e-08 6.09944299e-09
 4.09034747e-10 2.74302791e-11 1.83950195e-12]","[  1.          -1.298048     1.68492861  -2.18711821   2.83898442
  -3.68513805   4.78348608  -6.20919453   8.05983255 -10.46204952
  13.58024245]","[  1.          -1.634338     2.6710607   -4.365416     7.13456525
 -11.66029111  19.05685685 -31.14534531  50.90202136 -83.19110778
 135.96238871]","[ 1.         -0.727636    0.52945415 -0.3852499   0.2803217  -0.20397216
  0.14841748 -0.1079939   0.07858025 -0.05717782  0.04160464]","[1.         0.514267   0.26447055 0.13600847 0.06994467 0.03597024
 0.01849831 0.00951307 0.00489226 0.00251593 0.00129386]","[ 1.00000000e+00 -3.79221000e-01  1.43808567e-01 -5.45352285e-02
  2.06809039e-02 -7.84263306e-03  2.97409115e-03 -1.12783782e-03
  4.27699786e-04 -1.62192741e-04  6.15068933e-05]"
"[ 1.          1.24561     1.55154427  1.93261906  2.40728963  2.99854403
  3.73501643  4.65237382  5.79504335  7.21836395  8.99126632 11.19961124]","[ 1.         -1.016511    1.03329461 -1.05035534  1.06769776 -1.08532652
  1.10324634 -1.12146204  1.1399785  -1.15880069  1.17793364 -1.19738251]","[1.00000000e+00 3.05252000e-01 9.31787835e-02 2.84430100e-02
 8.68228570e-03 2.65028507e-03 8.09004819e-04 2.46950339e-04
 7.53820849e-05 2.30105322e-05 7.02401097e-06 2.14409340e-06]","[ 1.         -1.104524    1.21997327 -1.34748975  1.48833477 -1.64390147
  1.81572863 -2.00551585  2.21514039 -2.44667573  2.70241206 -2.98487898]","[ 1.         -0.785528    0.61705424 -0.48471338  0.38075593 -0.29909445
  0.23494706 -0.1845575   0.14497508 -0.11388199  0.08945749 -0.07027136]","[1.00000000e+00 4.86322000e-01 2.36509088e-01 1.15019573e-01
 5.59365486e-02 2.72031742e-02 1.32295021e-02 6.43379790e-03
 3.12889746e-03 1.52165167e-03 7.40012685e-04 3.59884449e-04]","[   1.           -1.720929      2.96159662   -5.09669751    8.77105456
  -15.09436215   25.97632556  -44.70341197   76.93139805 -132.39347392
  227.83976868 -392.09606527]","[ 1.00000000e+00 -1.50237000e-01  2.25711562e-02 -3.39102279e-03
  5.09457091e-04 -7.65393050e-05  1.14990356e-05 -1.72758061e-06
  2.59546527e-07 -3.89934916e-08  5.85826520e-09 -8.80128189e-10]","[1.         1.065645   1.13559927 1.21014568 1.28958569 1.37424055
 1.46445257 1.56058656 1.66303126 1.77220095 1.88853708 2.01251009]","[ 1.00000000e+00 -2.72616000e-01  7.43194835e-02 -2.02606803e-02
  5.52338562e-03 -1.50576329e-03  4.10495166e-04 -1.11907550e-04
  3.05077887e-05 -8.31691133e-06  2.26732310e-06 -6.18108554e-07]","[  1.          -1.405794     1.97625677  -2.77820991   3.90559082
  -5.49045614   7.71845031 -10.85055113  15.25363967 -21.44347513
  30.14510868 -42.37781291]","[ 1.00000000e+00 -1.97294600e+00  3.89251592e+00 -7.67972371e+00
  1.51516802e+01 -2.98934468e+01  5.89781563e+01 -1.16360718e+02
  2.29573412e+02 -4.52935945e+02  8.93618162e+02 -1.76306038e+03]","[ 1.00000000e+00 -3.26951000e-01  1.06896956e-01 -3.49500668e-02
  1.14269593e-02 -3.73605577e-03  1.22150717e-03 -3.99372990e-04
  1.30575399e-04 -4.26917571e-05  1.39581127e-05 -4.56361890e-06]","[1.         1.006105   1.01224727 1.01842704 1.02464454 1.03089999
 1.03719364 1.0435257  1.04989643 1.05630605 1.06275479 1.06924291]","[1.00000000e+00 6.70610000e-02 4.49717772e-03 3.01585235e-04
 2.02246075e-05 1.35628240e-06 9.09536541e-08 6.09944299e-09
 4.09034747e-10 2.74302791e-11 1.83950195e-12 1.23358840e-13]","[  1.          -1.298048     1.68492861  -2.18711821   2.83898442
  -3.68513805   4.78348608  -6.20919453   8.05983255 -10.46204952
  13.58024245 -17.62780656]","[   1.           -1.634338      2.6710607    -4.365416      7.13456525
  -11.66029111   19.05685685  -31.14534531   50.90202136  -83.19110778
  135.96238871 -222.20849845]","[ 1.         -0.727636    0.52945415 -0.3852499   0.2803217  -0.20397216
  0.14841748 -0.1079939   0.07858025 -0.05717782  0.04160464 -0.03027303]","[1.00000000e+00 5.14267000e-01 2.64470547e-01 1.36008475e-01
 6.99446704e-02 3.59702358e-02 1.84983053e-02 9.51306795e-03
 4.89225692e-03 2.51592629e-03 1.29385786e-03 6.65388402e-04]","[ 1.00000000e+00 -3.79221000e-01  1.43808567e-01 -5.45352285e-02
  2.06809039e-02 -7.84263306e-03  2.97409115e-03 -1.12783782e-03
  4.27699786e-04 -1.62192741e-04  6.15068933e-05 -2.33247056e-05]"
"[ 1.          1.24561     1.55154427  1.93261906  2.40728963  2.99854403
  3.73501643  4.65237382  5.79504335  7.21836395  8.99126632 11.19961124
 13.95034776]","[ 1.         -1.016511    1.03329461 -1.05035534  1.06769776 -1.08532652
  1.10324634 -1.12146204  1.1399785  -1.15880069  1.17793364 -1.19738251
  1.21715249]","[1.00000000e+00 3.05252000e-01 9.31787835e-02 2.84430100e-02
 8.68228570e-03 2.65028507e-03 8.09004819e-04 2.46950339e-04
 7.53820849e-05 2.30105322e-05 7.02401097e-06 2.14409340e-06
 6.54488797e-07]","[ 1.         -1.104524    1.21997327 -1.34748975  1.48833477 -1.64390147
  1.81572863 -2.00551585  2.21514039 -2.44667573  2.70241206 -2.98487898
  3.29687047]","[ 1.         -0.785528    0.61705424 -0.48471338  0.38075593 -0.29909445
  0.23494706 -0.1845575   0.14497508 -0.11388199  0.08945749 -0.07027136
  0.05520012]","[1.00000000e+00 4.86322000e-01 2.36509088e-01 1.15019573e-01
 5.59365486e-02 2.72031742e-02 1.32295021e-02 6.43379790e-03
 3.12889746e-03 1.52165167e-03 7.40012685e-04 3.59884449e-04
 1.75019725e-04]","[   1.           -1.720929      2.96159662   -5.09669751    8.77105456
  -15.09436215   25.97632556  -44.70341197   76.93139805 -132.39347392
  227.83976868 -392.09606527  674.76948951]","[ 1.00000000e+00 -1.50237000e-01  2.25711562e-02 -3.39102279e-03
  5.09457091e-04 -7.65393050e-05  1.14990356e-05 -1.72758061e-06
  2.59546527e-07 -3.89934916e-08  5.85826520e-09 -8.80128189e-10
  1.32227819e-10]","[1.         1.065645   1.13559927 1.21014568 1.28958569 1.37424055
 1.46445257 1.56058656 1.66303126 1.77220095 1.88853708 2.01251009
 2.14462132]","[ 1.00000000e+00 -2.72616000e-01  7.43194835e-02 -2.02606803e-02
  5.52338562e-03 -1.50576329e-03  4.10495166e-04 -1.11907550e-04
  3.05077887e-05 -8.31691133e-06  2.26732310e-06 -6.18108554e-07
  1.68506282e-07]","[  1.          -1.405794     1.97625677  -2.77820991   3.90559082
  -5.49045614   7.71845031 -10.85055113  15.25363967 -21.44347513
  30.14510868 -42.37781291  59.57447512]","[ 1.00000000e+00 -1.97294600e+00  3.89251592e+00 -7.67972371e+00
  1.51516802e+01 -2.98934468e+01  5.89781563e+01 -1.16360718e+02
  2.29573412e+02 -4.52935945e+02  8.93618162e+02 -1.76306038e+03
  3.47842292e+03]","[ 1.00000000e+00 -3.26951000e-01  1.06896956e-01 -3.49500668e-02
  1.14269593e-02 -3.73605577e-03  1.22150717e-03 -3.99372990e-04
  1.30575399e-04 -4.26917571e-05  1.39581127e-05 -4.56361890e-06
  1.49207976e-06]","[1.         1.006105   1.01224727 1.01842704 1.02464454 1.03089999
 1.03719364 1.0435257  1.04989643 1.05630605 1.06275479 1.06924291
 1.07577064]","[1.00000000e+00 6.70610000e-02 4.49717772e-03 3.01585235e-04
 2.02246075e-05 1.35628240e-06 9.09536541e-08 6.09944299e-09
 4.09034747e-10 2.74302791e-11 1.83950195e-12 1.23358840e-13
 8.27256719e-15]","[  1.          -1.298048     1.68492861  -2.18711821   2.83898442
  -3.68513805   4.78348608  -6.20919453   8.05983255 -10.46204952
  13.58024245 -17.62780656  22.88173904]","[   1.           -1.634338      2.6710607    -4.365416      7.13456525
  -11.66029111   19.05685685  -31.14534531   50.90202136  -83.19110778
  135.96238871 -222.20849845  363.16379293]","[ 1.         -0.727636    0.52945415 -0.3852499   0.2803217  -0.20397216
  0.14841748 -0.1079939   0.07858025 -0.05717782  0.04160464 -0.03027303
  0.02202775]","[1.00000000e+00 5.14267000e-01 2.64470547e-01 1.36008475e-01
 6.99446704e-02 3.59702358e-02 1.84983053e-02 9.51306795e-03
 4.89225692e-03 2.51592629e-03 1.29385786e-03 6.65388402e-04
 3.42187297e-04]","[ 1.00000000e+00 -3.79221000e-01  1.43808567e-01 -5.45352285e-02
  2.06809039e-02 -7.84263306e-03  2.97409115e-03 -1.12783782e-03
  4.27699786e-04 -1.62192741e-04  6.15068933e-05 -2.33247056e-05
  8.84521817e-06]"
"[ 1.          1.24561     1.55154427  1.93261906  2.40728963  2.99854403
  3.73501643  4.65237382  5.79504335  7.21836395  8.99126632 11.19961124
 13.95034776 17.37669268]","[ 1.         -1.016511    1.03329461 -1.05035534  1.06769776 -1.08532652
  1.10324634 -1.12146204  1.1399785  -1.15880069  1.17793364 -1.19738251
  1.21715249 -1.23724889]","[1.00000000e+00 3.05252000e-01 9.31787835e-02 2.84430100e-02
 8.68228570e-03 2.65028507e-03 8.09004819e-04 2.46950339e-04
 7.53820849e-05 2.30105322e-05 7.02401097e-06 2.14409340e-06
 6.54488797e-07 1.99784014e-07]","[ 1.         -1.104524    1.21997327 -1.34748975  1.48833477 -1.64390147
  1.81572863 -2.00551585  2.21514039 -2.44667573  2.70241206 -2.98487898
  3.29687047 -3.64147256]","[ 1.         -0.785528    0.61705424 -0.48471338  0.38075593 -0.29909445
  0.23494706 -0.1845575   0.14497508 -0.11388199  0.08945749 -0.07027136
  0.05520012 -0.04336124]","[1.00000000e+00 4.86322000e-01 2.36509088e-01 1.15019573e-01
 5.59365486e-02 2.72031742e-02 1.32295021e-02 6.43379790e-03
 3.12889746e-03 1.52165167e-03 7.40012685e-04 3.59884449e-04
 1.75019725e-04 8.51159427e-05]","[ 1.00000000e+00 -1.72092900e+00  2.96159662e+00 -5.09669751e+00
  8.77105456e+00 -1.50943621e+01  2.59763256e+01 -4.47034120e+01
  7.69313981e+01 -1.32393474e+02  2.27839769e+02 -3.92096065e+02
  6.74769490e+02 -1.16123038e+03]","[ 1.00000000e+00 -1.50237000e-01  2.25711562e-02 -3.39102279e-03
  5.09457091e-04 -7.65393050e-05  1.14990356e-05 -1.72758061e-06
  2.59546527e-07 -3.89934916e-08  5.85826520e-09 -8.80128189e-10
  1.32227819e-10 -1.98655108e-11]","[1.         1.065645   1.13559927 1.21014568 1.28958569 1.37424055
 1.46445257 1.56058656 1.66303126 1.77220095 1.88853708 2.01251009
 2.14462132 2.28540499]","[ 1.00000000e+00 -2.72616000e-01  7.43194835e-02 -2.02606803e-02
  5.52338562e-03 -1.50576329e-03  4.10495166e-04 -1.11907550e-04
  3.05077887e-05 -8.31691133e-06  2.26732310e-06 -6.18108554e-07
  1.68506282e-07 -4.59375085e-08]","[  1.          -1.405794     1.97625677  -2.77820991   3.90559082
  -5.49045614   7.71845031 -10.85055113  15.25363967 -21.44347513
  30.14510868 -42.37781291  59.57447512 -83.74943968]","[ 1.00000000e+00 -1.97294600e+00  3.89251592e+00 -7.67972371e+00
  1.51516802e+01 -2.98934468e+01  5.89781563e+01 -1.16360718e+02
  2.29573412e+02 -4.52935945e+02  8.93618162e+02 -1.76306038e+03
  3.47842292e+03 -6.86274059e+03]","[ 1.00000000e+00 -3.26951000e-01  1.06896956e-01 -3.49500668e-02
  1.14269593e-02 -3.73605577e-03  1.22150717e-03 -3.99372990e-04
  1.30575399e-04 -4.26917571e-05  1.39581127e-05 -4.56361890e-06
  1.49207976e-06 -4.87836971e-07]","[1.         1.006105   1.01224727 1.01842704 1.02464454 1.03089999
 1.03719364 1.0435257  1.04989643 1.05630605 1.06275479 1.06924291
 1.07577064 1.08233822]","[1.00000000e+00 6.70610000e-02 4.49717772e-03 3.01585235e-04
 2.02246075e-05 1.35628240e-06 9.09536541e-08 6.09944299e-09
 4.09034747e-10 2.74302791e-11 1.83950195e-12 1.23358840e-13
 8.27256719e-15 5.54766628e-16]","[  1.          -1.298048     1.68492861  -2.18711821   2.83898442
  -3.68513805   4.78348608  -6.20919453   8.05983255 -10.46204952
  13.58024245 -17.62780656  22.88173904 -29.7015956 ]","[   1.           -1.634338      2.6710607    -4.365416      7.13456525
  -11.66029111   19.05685685  -31.14534531   50.90202136  -83.19110778
  135.96238871 -222.20849845  363.16379293 -593.53238702]","[ 1.         -0.727636    0.52945415 -0.3852499   0.2803217  -0.20397216
  0.14841748 -0.1079939   0.07858025 -0.05717782  0.04160464 -0.03027303
  0.02202775 -0.01602818]","[1.00000000e+00 5.14267000e-01 2.64470547e-01 1.36008475e-01
 6.99446704e-02 3.59702358e-02 1.84983053e-02 9.51306795e-03
 4.89225692e-03 2.51592629e-03 1.29385786e-03 6.65388402e-04
 3.42187297e-04 1.75975635e-04]","[ 1.00000000e+00 -3.79221000e-01  1.43808567e-01 -5.45352285e-02
  2.06809039e-02 -7.84263306e-03  2.97409115e-03 -1.12783782e-03
  4.27699786e-04 -1.62192741e-04  6.15068933e-05 -2.33247056e-05
  8.84521817e-06 -3.35429248e-06]"
"[ 1.          1.24561     1.55154427  1.93261906  2.40728963  2.99854403
  3.73501643  4.65237382  5.79504335  7.21836395  8.99126632 11.19961124
 13.95034776 17.37669268 21.64458216]","[ 1.         -1.016511    1.03329461 -1.05035534  1.06769776 -1.08532652
  1.10324634 -1.12146204  1.1399785  -1.15880069  1.17793364 -1.19738251
  1.21715249 -1.23724889  1.25767711]","[1.00000000e+00 3.05252000e-01 9.31787835e-02 2.84430100e-02
 8.68228570e-03 2.65028507e-03 8.09004819e-04 2.46950339e-04
 7.53820849e-05 2.30105322e-05 7.02401097e-06 2.14409340e-06
 6.54488797e-07 1.99784014e-07 6.09844700e-08]","[ 1.         -1.104524    1.21997327 -1.34748975  1.48833477 -1.64390147
  1.81572863 -2.00551585  2.21514039 -2.44667573  2.70241206 -2.98487898
  3.29687047 -3.64147256  4.02209383]","[ 1.         -0.785528    0.61705424 -0.48471338  0.38075593 -0.29909445
  0.23494706 -0.1845575   0.14497508 -0.11388199  0.08945749 -0.07027136
  0.05520012 -0.04336124  0.03406147]","[1.00000000e+00 4.86322000e-01 2.36509088e-01 1.15019573e-01
 5.59365486e-02 2.72031742e-02 1.32295021e-02 6.43379790e-03
 3.12889746e-03 1.52165167e-03 7.40012685e-04 3.59884449e-04
 1.75019725e-04 8.51159427e-05 4.13937555e-05]","[ 1.00000000e+00 -1.72092900e+00  2.96159662e+00 -5.09669751e+00
  8.77105456e+00 -1.50943621e+01  2.59763256e+01 -4.47034120e+01
  7.69313981e+01 -1.32393474e+02  2.27839769e+02 -3.92096065e+02
  6.74769490e+02 -1.16123038e+03  1.99839504e+03]","[ 1.00000000e+00 -1.50237000e-01  2.25711562e-02 -3.39102279e-03
  5.09457091e-04 -7.65393050e-05  1.14990356e-05 -1.72758061e-06
  2.59546527e-07 -3.89934916e-08  5.85826520e-09 -8.80128189e-10
  1.32227819e-10 -1.98655108e-11  2.98453475e-12]","[1.         1.065645   1.13559927 1.21014568 1.28958569 1.37424055
 1.46445257 1.56058656 1.66303126 1.77220095 1.88853708 2.01251009
 2.14462132 2.28540499 2.4354304 ]","[ 1.00000000e+00 -2.72616000e-01  7.43194835e-02 -2.02606803e-02
  5.52338562e-03 -1.50576329e-03  4.10495166e-04 -1.11907550e-04
  3.05077887e-05 -8.31691133e-06  2.26732310e-06 -6.18108554e-07
  1.68506282e-07 -4.59375085e-08  1.25232998e-08]","[  1.          -1.405794     1.97625677  -2.77820991   3.90559082
  -5.49045614   7.71845031 -10.85055113  15.25363967 -21.44347513
  30.14510868 -42.37781291  59.57447512 -83.74943968 117.73445981]","[ 1.00000000e+00 -1.97294600e+00  3.89251592e+00 -7.67972371e+00
  1.51516802e+01 -2.98934468e+01  5.89781563e+01 -1.16360718e+02
  2.29573412e+02 -4.52935945e+02  8.93618162e+02 -1.76306038e+03
  3.47842292e+03 -6.86274059e+03  1.35398166e+04]","[ 1.00000000e+00 -3.26951000e-01  1.06896956e-01 -3.49500668e-02
  1.14269593e-02 -3.73605577e-03  1.22150717e-03 -3.99372990e-04
  1.30575399e-04 -4.26917571e-05  1.39581127e-05 -4.56361890e-06
  1.49207976e-06 -4.87836971e-07  1.59498785e-07]","[1.         1.006105   1.01224727 1.01842704 1.02464454 1.03089999
 1.03719364 1.0435257  1.04989643 1.05630605 1.06275479 1.06924291
 1.07577064 1.08233822 1.0889459 ]","[1.00000000e+00 6.70610000e-02 4.49717772e-03 3.01585235e-04
 2.02246075e-05 1.35628240e-06 9.09536541e-08 6.09944299e-09
 4.09034747e-10 2.74302791e-11 1.83950195e-12 1.23358840e-13
 8.27256719e-15 5.54766628e-16 3.72032048e-17]","[  1.          -1.298048     1.68492861  -2.18711821   2.83898442
  -3.68513805   4.78348608  -6.20919453   8.05983255 -10.46204952
  13.58024245 -17.62780656  22.88173904 -29.7015956   38.55409677]","[   1.           -1.634338      2.6710607    -4.365416      7.13456525
  -11.66029111   19.05685685  -31.14534531   50.90202136  -83.19110778
  135.96238871 -222.20849845  363.16379293 -593.53238702  970.03253433]","[ 1.         -0.727636    0.52945415 -0.3852499   0.2803217  -0.20397216
  0.14841748 -0.1079939   0.07858025 -0.05717782  0.04160464 -0.03027303
  0.02202775 -0.01602818  0.01166268]","[1.00000000e+00 5.14267000e-01 2.64470547e-01 1.36008475e-01
 6.99446704e-02 3.59702358e-02 1.84983053e-02 9.51306795e-03
 4.89225692e-03 2.51592629e-03 1.29385786e-03 6.65388402e-04
 3.42187297e-04 1.75975635e-04 9.04984618e-05]","[ 1.00000000e+00 -3.79221000e-01  1.43808567e-01 -5.45352285e-02
  2.06809039e-02 -7.84263306e-03  2.97409115e-03 -1.12783782e-03
  4.27699786e-04 -1.62192741e-04  6.15068933e-05 -2.33247056e-05
  8.84521817e-06 -3.35429248e-06  1.27201815e-06]"
"[ 1.          1.24561     1.55154427  1.93261906  2.40728963  2.99854403
  3.73501643  4.65237382  5.79504335  7.21836395  8.99126632 11.19961124
 13.95034776 17.37669268 21.64458216 26.96070799]","[ 1.         -1.016511    1.03329461 -1.05035534  1.06769776 -1.08532652
  1.10324634 -1.12146204  1.1399785  -1.15880069  1.17793364 -1.19738251
  1.21715249 -1.23724889  1.25767711 -1.27844262]","[1.00000000e+00 3.05252000e-01 9.31787835e-02 2.84430100e-02
 8.68228570e-03 2.65028507e-03 8.09004819e-04 2.46950339e-04
 7.53820849e-05 2.30105322e-05 7.02401097e-06 2.14409340e-06
 6.54488797e-07 1.99784014e-07 6.09844700e-08 1.86156314e-08]","[ 1.         -1.104524    1.21997327 -1.34748975  1.48833477 -1.64390147
  1.81572863 -2.00551585  2.21514039 -2.44667573  2.70241206 -2.98487898
  3.29687047 -3.64147256  4.02209383 -4.44249917]","[ 1.         -0.785528    0.61705424 -0.48471338  0.38075593 -0.29909445
  0.23494706 -0.1845575   0.14497508 -0.11388199  0.08945749 -0.07027136
  0.05520012 -0.04336124  0.03406147 -0.02675624]","[1.00000000e+00 4.86322000e-01 2.36509088e-01 1.15019573e-01
 5.59365486e-02 2.72031742e-02 1.32295021e-02 6.43379790e-03
 3.12889746e-03 1.52165167e-03 7.40012685e-04 3.59884449e-04
 1.75019725e-04 8.51159427e-05 4.13937555e-05 2.01306940e-05]","[ 1.00000000e+00 -1.72092900e+00  2.96159662e+00 -5.09669751e+00
  8.77105456e+00 -1.50943621e+01  2.59763256e+01 -4.47034120e+01
  7.69313981e+01 -1.32393474e+02  2.27839769e+02 -3.92096065e+02
  6.74769490e+02 -1.16123038e+03  1.99839504e+03 -3.43909598e+03]","[ 1.00000000e+00 -1.50237000e-01  2.25711562e-02 -3.39102279e-03
  5.09457091e-04 -7.65393050e-05  1.14990356e-05 -1.72758061e-06
  2.59546527e-07 -3.89934916e-08  5.85826520e-09 -8.80128189e-10
  1.32227819e-10 -1.98655108e-11  2.98453475e-12 -4.48387547e-13]","[1.         1.065645   1.13559927 1.21014568 1.28958569 1.37424055
 1.46445257 1.56058656 1.66303126 1.77220095 1.88853708 2.01251009
 2.14462132 2.28540499 2.4354304  2.59530422]","[ 1.00000000e+00 -2.72616000e-01  7.43194835e-02 -2.02606803e-02
  5.52338562e-03 -1.50576329e-03  4.10495166e-04 -1.11907550e-04
  3.05077887e-05 -8.31691133e-06  2.26732310e-06 -6.18108554e-07
  1.68506282e-07 -4.59375085e-08  1.25232998e-08 -3.41405190e-09]","[   1.           -1.405794      1.97625677   -2.77820991    3.90559082
   -5.49045614    7.71845031  -10.85055113   15.25363967  -21.44347513
   30.14510868  -42.37781291   59.57447512  -83.74943968  117.73445981
 -165.51039719]","[ 1.00000000e+00 -1.97294600e+00  3.89251592e+00 -7.67972371e+00
  1.51516802e+01 -2.98934468e+01  5.89781563e+01 -1.16360718e+02
  2.29573412e+02 -4.52935945e+02  8.93618162e+02 -1.76306038e+03
  3.47842292e+03 -6.86274059e+03  1.35398166e+04 -2.67133270e+04]","[ 1.00000000e+00 -3.26951000e-01  1.06896956e-01 -3.49500668e-02
  1.14269593e-02 -3.73605577e-03  1.22150717e-03 -3.99372990e-04
  1.30575399e-04 -4.26917571e-05  1.39581127e-05 -4.56361890e-06
  1.49207976e-06 -4.87836971e-07  1.59498785e-07 -5.21482874e-08]","[1.         1.006105   1.01224727 1.01842704 1.02464454 1.03089999
 1.03719364 1.0435257  1.04989643 1.05630605 1.06275479 1.06924291
 1.07577064 1.08233822 1.0889459  1.09559391]","[1.00000000e+00 6.70610000e-02 4.49717772e-03 3.01585235e-04
 2.02246075e-05 1.35628240e-06 9.09536541e-08 6.09944299e-09
 4.09034747e-10 2.74302791e-11 1.83950195e-12 1.23358840e-13
 8.27256719e-15 5.54766628e-16 3.72032048e-17 2.49488412e-18]","[  1.          -1.298048     1.68492861  -2.18711821   2.83898442
  -3.68513805   4.78348608  -6.20919453   8.05983255 -10.46204952
  13.58024245 -17.62780656  22.88173904 -29.7015956   38.55409677
 -50.0450682 ]","[ 1.00000000e+00 -1.63433800e+00  2.67106070e+00 -4.36541600e+00
  7.13456525e+00 -1.16602911e+01  1.90568568e+01 -3.11453453e+01
  5.09020214e+01 -8.31911078e+01  1.35962389e+02 -2.22208498e+02
  3.63163793e+02 -5.93532387e+02  9.70032534e+02 -1.58536103e+03]","[ 1.         -0.727636    0.52945415 -0.3852499   0.2803217  -0.20397216
  0.14841748 -0.1079939   0.07858025 -0.05717782  0.04160464 -0.03027303
  0.02202775 -0.01602818  0.01166268 -0.00848619]","[1.00000000e+00 5.14267000e-01 2.64470547e-01 1.36008475e-01
 6.99446704e-02 3.59702358e-02 1.84983053e-02 9.51306795e-03
 4.89225692e-03 2.51592629e-03 1.29385786e-03 6.65388402e-04
 3.42187297e-04 1.75975635e-04 9.04984618e-05 4.65403725e-05]","[ 1.00000000e+00 -3.79221000e-01  1.43808567e-01 -5.45352285e-02
  2.06809039e-02 -7.84263306e-03  2.97409115e-03 -1.12783782e-03
  4.27699786e-04 -1.62192741e-04  6.15068933e-05 -2.33247056e-05
  8.84521817e-06 -3.35429248e-06  1.27201815e-06 -4.82375994e-07]"
"[ 1.          1.24561     1.55154427  1.93261906  2.40728963  2.99854403
  3.73501643  4.65237382  5.79504335  7.21836395  8.99126632 11.19961124
 13.95034776 17.37669268 21.64458216 26.96070799 33.58252748]","[ 1.         -1.016511    1.03329461 -1.05035534  1.06769776 -1.08532652
  1.10324634 -1.12146204  1.1399785  -1.15880069  1.17793364 -1.19738251
  1.21715249 -1.23724889  1.25767711 -1.27844262  1.29955098]","[1.00000000e+00 3.05252000e-01 9.31787835e-02 2.84430100e-02
 8.68228570e-03 2.65028507e-03 8.09004819e-04 2.46950339e-04
 7.53820849e-05 2.30105322e-05 7.02401097e-06 2.14409340e-06
 6.54488797e-07 1.99784014e-07 6.09844700e-08 1.86156314e-08
 5.68245872e-09]","[ 1.         -1.104524    1.21997327 -1.34748975  1.48833477 -1.64390147
  1.81572863 -2.00551585  2.21514039 -2.44667573  2.70241206 -2.98487898
  3.29687047 -3.64147256  4.02209383 -4.44249917  4.90684695]","[ 1.         -0.785528    0.61705424 -0.48471338  0.38075593 -0.29909445
  0.23494706 -0.1845575   0.14497508 -0.11388199  0.08945749 -0.07027136
  0.05520012 -0.04336124  0.03406147 -0.02675624  0.02101777]","[1.00000000e+00 4.86322000e-01 2.36509088e-01 1.15019573e-01
 5.59365486e-02 2.72031742e-02 1.32295021e-02 6.43379790e-03
 3.12889746e-03 1.52165167e-03 7.40012685e-04 3.59884449e-04
 1.75019725e-04 8.51159427e-05 4.13937555e-05 2.01306940e-05
 9.78999934e-06]","[ 1.00000000e+00 -1.72092900e+00  2.96159662e+00 -5.09669751e+00
  8.77105456e+00 -1.50943621e+01  2.59763256e+01 -4.47034120e+01
  7.69313981e+01 -1.32393474e+02  2.27839769e+02 -3.92096065e+02
  6.74769490e+02 -1.16123038e+03  1.99839504e+03 -3.43909598e+03
  5.91844001e+03]","[ 1.00000000e+00 -1.50237000e-01  2.25711562e-02 -3.39102279e-03
  5.09457091e-04 -7.65393050e-05  1.14990356e-05 -1.72758061e-06
  2.59546527e-07 -3.89934916e-08  5.85826520e-09 -8.80128189e-10
  1.32227819e-10 -1.98655108e-11  2.98453475e-12 -4.48387547e-13
  6.73643999e-14]","[1.         1.065645   1.13559927 1.21014568 1.28958569 1.37424055
 1.46445257 1.56058656 1.66303126 1.77220095 1.88853708 2.01251009
 2.14462132 2.28540499 2.4354304  2.59530422 2.76567297]","[ 1.00000000e+00 -2.72616000e-01  7.43194835e-02 -2.02606803e-02
  5.52338562e-03 -1.50576329e-03  4.10495166e-04 -1.11907550e-04
  3.05077887e-05 -8.31691133e-06  2.26732310e-06 -6.18108554e-07
  1.68506282e-07 -4.59375085e-08  1.25232998e-08 -3.41405190e-09
  9.30725173e-10]","[   1.           -1.405794      1.97625677   -2.77820991    3.90559082
   -5.49045614    7.71845031  -10.85055113   15.25363967  -21.44347513
   30.14510868  -42.37781291   59.57447512  -83.74943968  117.73445981
 -165.51039719  232.67352331]","[ 1.00000000e+00 -1.97294600e+00  3.89251592e+00 -7.67972371e+00
  1.51516802e+01 -2.98934468e+01  5.89781563e+01 -1.16360718e+02
  2.29573412e+02 -4.52935945e+02  8.93618162e+02 -1.76306038e+03
  3.47842292e+03 -6.86274059e+03  1.35398166e+04 -2.67133270e+04
  5.27039516e+04]","[ 1.00000000e+00 -3.26951000e-01  1.06896956e-01 -3.49500668e-02
  1.14269593e-02 -3.73605577e-03  1.22150717e-03 -3.99372990e-04
  1.30575399e-04 -4.26917571e-05  1.39581127e-05 -4.56361890e-06
  1.49207976e-06 -4.87836971e-07  1.59498785e-07 -5.21482874e-08
  1.70499347e-08]","[1.         1.006105   1.01224727 1.01842704 1.02464454 1.03089999
 1.03719364 1.0435257  1.04989643 1.05630605 1.06275479 1.06924291
 1.07577064 1.08233822 1.0889459  1.09559391 1.10228251]","[1.00000000e+00 6.70610000e-02 4.49717772e-03 3.01585235e-04
 2.02246075e-05 1.35628240e-06 9.09536541e-08 6.09944299e-09
 4.09034747e-10 2.74302791e-11 1.83950195e-12 1.23358840e-13
 8.27256719e-15 5.54766628e-16 3.72032048e-17 2.49488412e-18
 1.67309424e-19]","[  1.          -1.298048     1.68492861  -2.18711821   2.83898442
  -3.68513805   4.78348608  -6.20919453   8.05983255 -10.46204952
  13.58024245 -17.62780656  22.88173904 -29.7015956   38.55409677
 -50.0450682   64.96090069]","[ 1.00000000e+00 -1.63433800e+00  2.67106070e+00 -4.36541600e+00
  7.13456525e+00 -1.16602911e+01  1.90568568e+01 -3.11453453e+01
  5.09020214e+01 -8.31911078e+01  1.35962389e+02 -2.22208498e+02
  3.63163793e+02 -5.93532387e+02  9.70032534e+02 -1.58536103e+03
  2.59101578e+03]","[ 1.         -0.727636    0.52945415 -0.3852499   0.2803217  -0.20397216
  0.14841748 -0.1079939   0.07858025 -0.05717782  0.04160464 -0.03027303
  0.02202775 -0.01602818  0.01166268 -0.00848619  0.00617486]","[1.00000000e+00 5.14267000e-01 2.64470547e-01 1.36008475e-01
 6.99446704e-02 3.59702358e-02 1.84983053e-02 9.51306795e-03
 4.89225692e-03 2.51592629e-03 1.29385786e-03 6.65388402e-04
 3.42187297e-04 1.75975635e-04 9.04984618e-05 4.65403725e-05
 2.39341777e-05]","[ 1.00000000e+00 -3.79221000e-01  1.43808567e-01 -5.45352285e-02
  2.06809039e-02 -7.84263306e-03  2.97409115e-03 -1.12783782e-03
  4.27699786e-04 -1.62192741e-04  6.15068933e-05 -2.33247056e-05
  8.84521817e-06 -3.35429248e-06  1.27201815e-06 -4.82375994e-07
  1.82927107e-07]"
"[ 1.          1.24561     1.55154427  1.93261906  2.40728963  2.99854403
  3.73501643  4.65237382  5.79504335  7.21836395  8.99126632 11.19961124
 13.95034776 17.37669268 21.64458216 26.96070799 33.58252748 41.83073205]","[ 1.         -1.016511    1.03329461 -1.05035534  1.06769776 -1.08532652
  1.10324634 -1.12146204  1.1399785  -1.15880069  1.17793364 -1.19738251
  1.21715249 -1.23724889  1.25767711 -1.27844262  1.29955098 -1.32100787]","[1.00000000e+00 3.05252000e-01 9.31787835e-02 2.84430100e-02
 8.68228570e-03 2.65028507e-03 8.09004819e-04 2.46950339e-04
 7.53820849e-05 2.30105322e-05 7.02401097e-06 2.14409340e-06
 6.54488797e-07 1.99784014e-07 6.09844700e-08 1.86156314e-08
 5.68245872e-09 1.73458189e-09]","[ 1.         -1.104524    1.21997327 -1.34748975  1.48833477 -1.64390147
  1.81572863 -2.00551585  2.21514039 -2.44667573  2.70241206 -2.98487898
  3.29687047 -3.64147256  4.02209383 -4.44249917  4.90684695 -5.41973022]","[ 1.         -0.785528    0.61705424 -0.48471338  0.38075593 -0.29909445
  0.23494706 -0.1845575   0.14497508 -0.11388199  0.08945749 -0.07027136
  0.05520012 -0.04336124  0.03406147 -0.02675624  0.02101777 -0.01651005]","[1.00000000e+00 4.86322000e-01 2.36509088e-01 1.15019573e-01
 5.59365486e-02 2.72031742e-02 1.32295021e-02 6.43379790e-03
 3.12889746e-03 1.52165167e-03 7.40012685e-04 3.59884449e-04
 1.75019725e-04 8.51159427e-05 4.13937555e-05 2.01306940e-05
 9.78999934e-06 4.76109206e-06]","[ 1.00000000e+00 -1.72092900e+00  2.96159662e+00 -5.09669751e+00
  8.77105456e+00 -1.50943621e+01  2.59763256e+01 -4.47034120e+01
  7.69313981e+01 -1.32393474e+02  2.27839769e+02 -3.92096065e+02
  6.74769490e+02 -1.16123038e+03  1.99839504e+03 -3.43909598e+03
  5.91844001e+03 -1.01852150e+04]","[ 1.00000000e+00 -1.50237000e-01  2.25711562e-02 -3.39102279e-03
  5.09457091e-04 -7.65393050e-05  1.14990356e-05 -1.72758061e-06
  2.59546527e-07 -3.89934916e-08  5.85826520e-09 -8.80128189e-10
  1.32227819e-10 -1.98655108e-11  2.98453475e-12 -4.48387547e-13
  6.73643999e-14 -1.01206253e-14]","[1.         1.065645   1.13559927 1.21014568 1.28958569 1.37424055
 1.46445257 1.56058656 1.66303126 1.77220095 1.88853708 2.01251009
 2.14462132 2.28540499 2.4354304  2.59530422 2.76567297 2.94722557]","[ 1.00000000e+00 -2.72616000e-01  7.43194835e-02 -2.02606803e-02
  5.52338562e-03 -1.50576329e-03  4.10495166e-04 -1.11907550e-04
  3.05077887e-05 -8.31691133e-06  2.26732310e-06 -6.18108554e-07
  1.68506282e-07 -4.59375085e-08  1.25232998e-08 -3.41405190e-09
  9.30725173e-10 -2.53730574e-10]","[   1.           -1.405794      1.97625677   -2.77820991    3.90559082
   -5.49045614    7.71845031  -10.85055113   15.25363967  -21.44347513
   30.14510868  -42.37781291   59.57447512  -83.74943968  117.73445981
 -165.51039719  232.67352331 -327.09104303]","[ 1.00000000e+00 -1.97294600e+00  3.89251592e+00 -7.67972371e+00
  1.51516802e+01 -2.98934468e+01  5.89781563e+01 -1.16360718e+02
  2.29573412e+02 -4.52935945e+02  8.93618162e+02 -1.76306038e+03
  3.47842292e+03 -6.86274059e+03  1.35398166e+04 -2.67133270e+04
  5.27039516e+04 -1.03982051e+05]","[ 1.00000000e+00 -3.26951000e-01  1.06896956e-01 -3.49500668e-02
  1.14269593e-02 -3.73605577e-03  1.22150717e-03 -3.99372990e-04
  1.30575399e-04 -4.26917571e-05  1.39581127e-05 -4.56361890e-06
  1.49207976e-06 -4.87836971e-07  1.59498785e-07 -5.21482874e-08
  1.70499347e-08 -5.57449320e-09]","[1.         1.006105   1.01224727 1.01842704 1.02464454 1.03089999
 1.03719364 1.0435257  1.04989643 1.05630605 1.06275479 1.06924291
 1.07577064 1.08233822 1.0889459  1.09559391 1.10228251 1.10901195]","[1.00000000e+00 6.70610000e-02 4.49717772e-03 3.01585235e-04
 2.02246075e-05 1.35628240e-06 9.09536541e-08 6.09944299e-09
 4.09034747e-10 2.74302791e-11 1.83950195e-12 1.23358840e-13
 8.27256719e-15 5.54766628e-16 3.72032048e-17 2.49488412e-18
 1.67309424e-19 1.12199373e-20]","[  1.          -1.298048     1.68492861  -2.18711821   2.83898442
  -3.68513805   4.78348608  -6.20919453   8.05983255 -10.46204952
  13.58024245 -17.62780656  22.88173904 -29.7015956   38.55409677
 -50.0450682   64.96090069 -84.32236722]","[ 1.00000000e+00 -1.63433800e+00  2.67106070e+00 -4.36541600e+00
  7.13456525e+00 -1.16602911e+01  1.90568568e+01 -3.11453453e+01
  5.09020214e+01 -8.31911078e+01  1.35962389e+02 -2.22208498e+02
  3.63163793e+02 -5.93532387e+02  9.70032534e+02 -1.58536103e+03
  2.59101578e+03 -4.23459555e+03]","[ 1.         -0.727636    0.52945415 -0.3852499   0.2803217  -0.20397216
  0.14841748 -0.1079939   0.07858025 -0.05717782  0.04160464 -0.03027303
  0.02202775 -0.01602818  0.01166268 -0.00848619  0.00617486 -0.00449305]","[1.00000000e+00 5.14267000e-01 2.64470547e-01 1.36008475e-01
 6.99446704e-02 3.59702358e-02 1.84983053e-02 9.51306795e-03
 4.89225692e-03 2.51592629e-03 1.29385786e-03 6.65388402e-04
 3.42187297e-04 1.75975635e-04 9.04984618e-05 4.65403725e-05
 2.39341777e-05 1.23085578e-05]","[ 1.00000000e+00 -3.79221000e-01  1.43808567e-01 -5.45352285e-02
  2.06809039e-02 -7.84263306e-03  2.97409115e-03 -1.12783782e-03
  4.27699786e-04 -1.62192741e-04  6.15068933e-05 -2.33247056e-05
  8.84521817e-06 -3.35429248e-06  1.27201815e-06 -4.82375994e-07
  1.82927107e-07 -6.93698004e-08]"
"[ 1.          1.24561     1.55154427  1.93261906  2.40728963  2.99854403
  3.73501643  4.65237382  5.79504335  7.21836395  8.99126632 11.19961124
 13.95034776 17.37669268 21.64458216 26.96070799 33.58252748 41.83073205
 52.10477815]","[ 1.         -1.016511    1.03329461 -1.05035534  1.06769776 -1.08532652
  1.10324634 -1.12146204  1.1399785  -1.15880069  1.17793364 -1.19738251
  1.21715249 -1.23724889  1.25767711 -1.27844262  1.29955098 -1.32100787
  1.34281903]","[1.00000000e+00 3.05252000e-01 9.31787835e-02 2.84430100e-02
 8.68228570e-03 2.65028507e-03 8.09004819e-04 2.46950339e-04
 7.53820849e-05 2.30105322e-05 7.02401097e-06 2.14409340e-06
 6.54488797e-07 1.99784014e-07 6.09844700e-08 1.86156314e-08
 5.68245872e-09 1.73458189e-09 5.29484591e-10]","[ 1.         -1.104524    1.21997327 -1.34748975  1.48833477 -1.64390147
  1.81572863 -2.00551585  2.21514039 -2.44667573  2.70241206 -2.98487898
  3.29687047 -3.64147256  4.02209383 -4.44249917  4.90684695 -5.41973022
  5.9862221 ]","[ 1.         -0.785528    0.61705424 -0.48471338  0.38075593 -0.29909445
  0.23494706 -0.1845575   0.14497508 -0.11388199  0.08945749 -0.07027136
  0.05520012 -0.04336124  0.03406147 -0.02675624  0.02101777 -0.01651005
  0.01296911]","[1.00000000e+00 4.86322000e-01 2.36509088e-01 1.15019573e-01
 5.59365486e-02 2.72031742e-02 1.32295021e-02 6.43379790e-03
 3.12889746e-03 1.52165167e-03 7.40012685e-04 3.59884449e-04
 1.75019725e-04 8.51159427e-05 4.13937555e-05 2.01306940e-05
 9.78999934e-06 4.76109206e-06 2.31542381e-06]","[ 1.00000000e+00 -1.72092900e+00  2.96159662e+00 -5.09669751e+00
  8.77105456e+00 -1.50943621e+01  2.59763256e+01 -4.47034120e+01
  7.69313981e+01 -1.32393474e+02  2.27839769e+02 -3.92096065e+02
  6.74769490e+02 -1.16123038e+03  1.99839504e+03 -3.43909598e+03
  5.91844001e+03 -1.01852150e+04  1.75280319e+04]","[ 1.00000000e+00 -1.50237000e-01  2.25711562e-02 -3.39102279e-03
  5.09457091e-04 -7.65393050e-05  1.14990356e-05 -1.72758061e-06
  2.59546527e-07 -3.89934916e-08  5.85826520e-09 -8.80128189e-10
  1.32227819e-10 -1.98655108e-11  2.98453475e-12 -4.48387547e-13
  6.73643999e-14 -1.01206253e-14  1.52049239e-15]","[1.         1.065645   1.13559927 1.21014568 1.28958569 1.37424055
 1.46445257 1.56058656 1.66303126 1.77220095 1.88853708 2.01251009
 2.14462132 2.28540499 2.4354304  2.59530422 2.76567297 2.94722557
 3.1406962 ]","[ 1.00000000e+00 -2.72616000e-01  7.43194835e-02 -2.02606803e-02
  5.52338562e-03 -1.50576329e-03  4.10495166e-04 -1.11907550e-04
  3.05077887e-05 -8.31691133e-06  2.26732310e-06 -6.18108554e-07
  1.68506282e-07 -4.59375085e-08  1.25232998e-08 -3.41405190e-09
  9.30725173e-10 -2.53730574e-10  6.91710141e-11]","[   1.           -1.405794      1.97625677   -2.77820991    3.90559082
   -5.49045614    7.71845031  -10.85055113   15.25363967  -21.44347513
   30.14510868  -42.37781291   59.57447512  -83.74943968  117.73445981
 -165.51039719  232.67352331 -327.09104303  459.82262575]","[ 1.00000000e+00 -1.97294600e+00  3.89251592e+00 -7.67972371e+00
  1.51516802e+01 -2.98934468e+01  5.89781563e+01 -1.16360718e+02
  2.29573412e+02 -4.52935945e+02  8.93618162e+02 -1.76306038e+03
  3.47842292e+03 -6.86274059e+03  1.35398166e+04 -2.67133270e+04
  5.27039516e+04 -1.03982051e+05  2.05150971e+05]","[ 1.00000000e+00 -3.26951000e-01  1.06896956e-01 -3.49500668e-02
  1.14269593e-02 -3.73605577e-03  1.22150717e-03 -3.99372990e-04
  1.30575399e-04 -4.26917571e-05  1.39581127e-05 -4.56361890e-06
  1.49207976e-06 -4.87836971e-07  1.59498785e-07 -5.21482874e-08
  1.70499347e-08 -5.57449320e-09  1.82258613e-09]","[1.         1.006105   1.01224727 1.01842704 1.02464454 1.03089999
 1.03719364 1.0435257  1.04989643 1.05630605 1.06275479 1.06924291
 1.07577064 1.08233822 1.0889459  1.09559391 1.10228251 1.10901195
 1.11578246]","[1.00000000e+00 6.70610000e-02 4.49717772e-03 3.01585235e-04
 2.02246075e-05 1.35628240e-06 9.09536541e-08 6.09944299e-09
 4.09034747e-10 2.74302791e-11 1.83950195e-12 1.23358840e-13
 8.27256719e-15 5.54766628e-16 3.72032048e-17 2.49488412e-18
 1.67309424e-19 1.12199373e-20 7.52420214e-22]","[  1.          -1.298048     1.68492861  -2.18711821   2.83898442
  -3.68513805   4.78348608  -6.20919453   8.05983255 -10.46204952
  13.58024245 -17.62780656  22.88173904 -29.7015956   38.55409677
 -50.0450682   64.96090069 -84.32236722 109.45448013]","[ 1.00000000e+00 -1.63433800e+00  2.67106070e+00 -4.36541600e+00
  7.13456525e+00 -1.16602911e+01  1.90568568e+01 -3.11453453e+01
  5.09020214e+01 -8.31911078e+01  1.35962389e+02 -2.22208498e+02
  3.63163793e+02 -5.93532387e+02  9.70032534e+02 -1.58536103e+03
  2.59101578e+03 -4.23459555e+03  6.92076041e+03]","[ 1.         -0.727636    0.52945415 -0.3852499   0.2803217  -0.20397216
  0.14841748 -0.1079939   0.07858025 -0.05717782  0.04160464 -0.03027303
  0.02202775 -0.01602818  0.01166268 -0.00848619  0.00617486 -0.00449305
  0.0032693 ]","[1.00000000e+00 5.14267000e-01 2.64470547e-01 1.36008475e-01
 6.99446704e-02 3.59702358e-02 1.84983053e-02 9.51306795e-03
 4.89225692e-03 2.51592629e-03 1.29385786e-03 6.65388402e-04
 3.42187297e-04 1.75975635e-04 9.04984618e-05 4.65403725e-05
 2.39341777e-05 1.23085578e-05 6.32988508e-06]","[ 1.00000000e+00 -3.79221000e-01  1.43808567e-01 -5.45352285e-02
  2.06809039e-02 -7.84263306e-03  2.97409115e-03 -1.12783782e-03
  4.27699786e-04 -1.62192741e-04  6.15068933e-05 -2.33247056e-05
  8.84521817e-06 -3.35429248e-06  1.27201815e-06 -4.82375994e-07
  1.82927107e-07 -6.93698004e-08  2.63064851e-08]"
"[ 1.          1.24561     1.55154427  1.93261906  2.40728963  2.99854403
  3.73501643  4.65237382  5.79504335  7.21836395  8.99126632 11.19961124
 13.95034776 17.37669268 21.64458216 26.96070799 33.58252748 41.83073205
 52.10477815 64.90223272]","[ 1.         -1.016511    1.03329461 -1.05035534  1.06769776 -1.08532652
  1.10324634 -1.12146204  1.1399785  -1.15880069  1.17793364 -1.19738251
  1.21715249 -1.23724889  1.25767711 -1.27844262  1.29955098 -1.32100787
  1.34281903 -1.36499032]","[1.00000000e+00 3.05252000e-01 9.31787835e-02 2.84430100e-02
 8.68228570e-03 2.65028507e-03 8.09004819e-04 2.46950339e-04
 7.53820849e-05 2.30105322e-05 7.02401097e-06 2.14409340e-06
 6.54488797e-07 1.99784014e-07 6.09844700e-08 1.86156314e-08
 5.68245872e-09 1.73458189e-09 5.29484591e-10 1.61626230e-10]","[ 1.         -1.104524    1.21997327 -1.34748975  1.48833477 -1.64390147
  1.81572863 -2.00551585  2.21514039 -2.44667573  2.70241206 -2.98487898
  3.29687047 -3.64147256  4.02209383 -4.44249917  4.90684695 -5.41973022
  5.9862221  -6.61192598]","[ 1.         -0.785528    0.61705424 -0.48471338  0.38075593 -0.29909445
  0.23494706 -0.1845575   0.14497508 -0.11388199  0.08945749 -0.07027136
  0.05520012 -0.04336124  0.03406147 -0.02675624  0.02101777 -0.01651005
  0.01296911 -0.0101876 ]","[1.00000000e+00 4.86322000e-01 2.36509088e-01 1.15019573e-01
 5.59365486e-02 2.72031742e-02 1.32295021e-02 6.43379790e-03
 3.12889746e-03 1.52165167e-03 7.40012685e-04 3.59884449e-04
 1.75019725e-04 8.51159427e-05 4.13937555e-05 2.01306940e-05
 9.78999934e-06 4.76109206e-06 2.31542381e-06 1.12604154e-06]","[ 1.00000000e+00 -1.72092900e+00  2.96159662e+00 -5.09669751e+00
  8.77105456e+00 -1.50943621e+01  2.59763256e+01 -4.47034120e+01
  7.69313981e+01 -1.32393474e+02  2.27839769e+02 -3.92096065e+02
  6.74769490e+02 -1.16123038e+03  1.99839504e+03 -3.43909598e+03
  5.91844001e+03 -1.01852150e+04  1.75280319e+04 -3.01644985e+04]","[ 1.00000000e+00 -1.50237000e-01  2.25711562e-02 -3.39102279e-03
  5.09457091e-04 -7.65393050e-05  1.14990356e-05 -1.72758061e-06
  2.59546527e-07 -3.89934916e-08  5.85826520e-09 -8.80128189e-10
  1.32227819e-10 -1.98655108e-11  2.98453475e-12 -4.48387547e-13
  6.73643999e-14 -1.01206253e-14  1.52049239e-15 -2.28434215e-16]","[1.         1.065645   1.13559927 1.21014568 1.28958569 1.37424055
 1.46445257 1.56058656 1.66303126 1.77220095 1.88853708 2.01251009
 2.14462132 2.28540499 2.4354304  2.59530422 2.76567297 2.94722557
 3.1406962  3.3468672 ]","[ 1.00000000e+00 -2.72616000e-01  7.43194835e-02 -2.02606803e-02
  5.52338562e-03 -1.50576329e-03  4.10495166e-04 -1.11907550e-04
  3.05077887e-05 -8.31691133e-06  2.26732310e-06 -6.18108554e-07
  1.68506282e-07 -4.59375085e-08  1.25232998e-08 -3.41405190e-09
  9.30725173e-10 -2.53730574e-10  6.91710141e-11 -1.88571252e-11]","[   1.           -1.405794      1.97625677   -2.77820991    3.90559082
   -5.49045614    7.71845031  -10.85055113   15.25363967  -21.44347513
   30.14510868  -42.37781291   59.57447512  -83.74943968  117.73445981
 -165.51039719  232.67352331 -327.09104303  459.82262575 -646.41588834]","[ 1.00000000e+00 -1.97294600e+00  3.89251592e+00 -7.67972371e+00
  1.51516802e+01 -2.98934468e+01  5.89781563e+01 -1.16360718e+02
  2.29573412e+02 -4.52935945e+02  8.93618162e+02 -1.76306038e+03
  3.47842292e+03 -6.86274059e+03  1.35398166e+04 -2.67133270e+04
  5.27039516e+04 -1.03982051e+05  2.05150971e+05 -4.04751787e+05]","[ 1.00000000e+00 -3.26951000e-01  1.06896956e-01 -3.49500668e-02
  1.14269593e-02 -3.73605577e-03  1.22150717e-03 -3.99372990e-04
  1.30575399e-04 -4.26917571e-05  1.39581127e-05 -4.56361890e-06
  1.49207976e-06 -4.87836971e-07  1.59498785e-07 -5.21482874e-08
  1.70499347e-08 -5.57449320e-09  1.82258613e-09 -5.95896357e-10]","[1.         1.006105   1.01224727 1.01842704 1.02464454 1.03089999
 1.03719364 1.0435257  1.04989643 1.05630605 1.06275479 1.06924291
 1.07577064 1.08233822 1.0889459  1.09559391 1.10228251 1.10901195
 1.11578246 1.12259432]","[1.00000000e+00 6.70610000e-02 4.49717772e-03 3.01585235e-04
 2.02246075e-05 1.35628240e-06 9.09536541e-08 6.09944299e-09
 4.09034747e-10 2.74302791e-11 1.83950195e-12 1.23358840e-13
 8.27256719e-15 5.54766628e-16 3.72032048e-17 2.49488412e-18
 1.67309424e-19 1.12199373e-20 7.52420214e-22 5.04580520e-23]","[   1.           -1.298048      1.68492861   -2.18711821    2.83898442
   -3.68513805    4.78348608   -6.20919453    8.05983255  -10.46204952
   13.58024245  -17.62780656   22.88173904  -29.7015956    38.55409677
  -50.0450682    64.96090069  -84.32236722  109.45448013 -142.07716902]","[ 1.00000000e+00 -1.63433800e+00  2.67106070e+00 -4.36541600e+00
  7.13456525e+00 -1.16602911e+01  1.90568568e+01 -3.11453453e+01
  5.09020214e+01 -8.31911078e+01  1.35962389e+02 -2.22208498e+02
  3.63163793e+02 -5.93532387e+02  9.70032534e+02 -1.58536103e+03
  2.59101578e+03 -4.23459555e+03  6.92076041e+03 -1.13108617e+04]","[ 1.         -0.727636    0.52945415 -0.3852499   0.2803217  -0.20397216
  0.14841748 -0.1079939   0.07858025 -0.05717782  0.04160464 -0.03027303
  0.02202775 -0.01602818  0.01166268 -0.00848619  0.00617486 -0.00449305
  0.0032693  -0.00237886]","[1.00000000e+00 5.14267000e-01 2.64470547e-01 1.36008475e-01
 6.99446704e-02 3.59702358e-02 1.84983053e-02 9.51306795e-03
 4.89225692e-03 2.51592629e-03 1.29385786e-03 6.65388402e-04
 3.42187297e-04 1.75975635e-04 9.04984618e-05 4.65403725e-05
 2.39341777e-05 1.23085578e-05 6.32988508e-06 3.25525101e-06]","[ 1.00000000e+00 -3.79221000e-01  1.43808567e-01 -5.45352285e-02
  2.06809039e-02 -7.84263306e-03  2.97409115e-03 -1.12783782e-03
  4.27699786e-04 -1.62192741e-04  6.15068933e-05 -2.33247056e-05
  8.84521817e-06 -3.35429248e-06  1.27201815e-06 -4.82375994e-07
  1.82927107e-07 -6.93698004e-08  2.63064851e-08 -9.97597158e-09]"
"[ 1.          1.24561     1.55154427  1.93261906  2.40728963  2.99854403
  3.73501643  4.65237382  5.79504335  7.21836395  8.99126632 11.19961124
 13.95034776 17.37669268 21.64458216 26.96070799 33.58252748 41.83073205
 52.10477815 64.90223272 80.84287009]","[ 1.         -1.016511    1.03329461 -1.05035534  1.06769776 -1.08532652
  1.10324634 -1.12146204  1.1399785  -1.15880069  1.17793364 -1.19738251
  1.21715249 -1.23724889  1.25767711 -1.27844262  1.29955098 -1.32100787
  1.34281903 -1.36499032  1.38752767]","[1.00000000e+00 3.05252000e-01 9.31787835e-02 2.84430100e-02
 8.68228570e-03 2.65028507e-03 8.09004819e-04 2.46950339e-04
 7.53820849e-05 2.30105322e-05 7.02401097e-06 2.14409340e-06
 6.54488797e-07 1.99784014e-07 6.09844700e-08 1.86156314e-08
 5.68245872e-09 1.73458189e-09 5.29484591e-10 1.61626230e-10
 4.93367301e-11]","[ 1.         -1.104524    1.21997327 -1.34748975  1.48833477 -1.64390147
  1.81572863 -2.00551585  2.21514039 -2.44667573  2.70241206 -2.98487898
  3.29687047 -3.64147256  4.02209383 -4.44249917  4.90684695 -5.41973022
  5.9862221  -6.61192598  7.30303094]","[ 1.         -0.785528    0.61705424 -0.48471338  0.38075593 -0.29909445
  0.23494706 -0.1845575   0.14497508 -0.11388199  0.08945749 -0.07027136
  0.05520012 -0.04336124  0.03406147 -0.02675624  0.02101777 -0.01651005
  0.01296911 -0.0101876   0.00800264]","[1.00000000e+00 4.86322000e-01 2.36509088e-01 1.15019573e-01
 5.59365486e-02 2.72031742e-02 1.32295021e-02 6.43379790e-03
 3.12889746e-03 1.52165167e-03 7.40012685e-04 3.59884449e-04
 1.75019725e-04 8.51159427e-05 4.13937555e-05 2.01306940e-05
 9.78999934e-06 4.76109206e-06 2.31542381e-06 1.12604154e-06
 5.47618774e-07]","[ 1.00000000e+00 -1.72092900e+00  2.96159662e+00 -5.09669751e+00
  8.77105456e+00 -1.50943621e+01  2.59763256e+01 -4.47034120e+01
  7.69313981e+01 -1.32393474e+02  2.27839769e+02 -3.92096065e+02
  6.74769490e+02 -1.16123038e+03  1.99839504e+03 -3.43909598e+03
  5.91844001e+03 -1.01852150e+04  1.75280319e+04 -3.01644985e+04
  5.19109602e+04]","[ 1.00000000e+00 -1.50237000e-01  2.25711562e-02 -3.39102279e-03
  5.09457091e-04 -7.65393050e-05  1.14990356e-05 -1.72758061e-06
  2.59546527e-07 -3.89934916e-08  5.85826520e-09 -8.80128189e-10
  1.32227819e-10 -1.98655108e-11  2.98453475e-12 -4.48387547e-13
  6.73643999e-14 -1.01206253e-14  1.52049239e-15 -2.28434215e-16
  3.43192712e-17]","[1.         1.065645   1.13559927 1.21014568 1.28958569 1.37424055
 1.46445257 1.56058656 1.66303126 1.77220095 1.88853708 2.01251009
 2.14462132 2.28540499 2.4354304  2.59530422 2.76567297 2.94722557
 3.1406962  3.3468672  3.56657229]","[ 1.00000000e+00 -2.72616000e-01  7.43194835e-02 -2.02606803e-02
  5.52338562e-03 -1.50576329e-03  4.10495166e-04 -1.11907550e-04
  3.05077887e-05 -8.31691133e-06  2.26732310e-06 -6.18108554e-07
  1.68506282e-07 -4.59375085e-08  1.25232998e-08 -3.41405190e-09
  9.30725173e-10 -2.53730574e-10  6.91710141e-11 -1.88571252e-11
  5.14075404e-12]","[   1.           -1.405794      1.97625677   -2.77820991    3.90559082
   -5.49045614    7.71845031  -10.85055113   15.25363967  -21.44347513
   30.14510868  -42.37781291   59.57447512  -83.74943968  117.73445981
 -165.51039719  232.67352331 -327.09104303  459.82262575 -646.41588834
  908.72757734]","[ 1.00000000e+00 -1.97294600e+00  3.89251592e+00 -7.67972371e+00
  1.51516802e+01 -2.98934468e+01  5.89781563e+01 -1.16360718e+02
  2.29573412e+02 -4.52935945e+02  8.93618162e+02 -1.76306038e+03
  3.47842292e+03 -6.86274059e+03  1.35398166e+04 -2.67133270e+04
  5.27039516e+04 -1.03982051e+05  2.05150971e+05 -4.04751787e+05
  7.98553419e+05]","[ 1.00000000e+00 -3.26951000e-01  1.06896956e-01 -3.49500668e-02
  1.14269593e-02 -3.73605577e-03  1.22150717e-03 -3.99372990e-04
  1.30575399e-04 -4.26917571e-05  1.39581127e-05 -4.56361890e-06
  1.49207976e-06 -4.87836971e-07  1.59498785e-07 -5.21482874e-08
  1.70499347e-08 -5.57449320e-09  1.82258613e-09 -5.95896357e-10
  1.94828910e-10]","[1.         1.006105   1.01224727 1.01842704 1.02464454 1.03089999
 1.03719364 1.0435257  1.04989643 1.05630605 1.06275479 1.06924291
 1.07577064 1.08233822 1.0889459  1.09559391 1.10228251 1.10901195
 1.11578246 1.12259432 1.12944775]","[1.00000000e+00 6.70610000e-02 4.49717772e-03 3.01585235e-04
 2.02246075e-05 1.35628240e-06 9.09536541e-08 6.09944299e-09
 4.09034747e-10 2.74302791e-11 1.83950195e-12 1.23358840e-13
 8.27256719e-15 5.54766628e-16 3.72032048e-17 2.49488412e-18
 1.67309424e-19 1.12199373e-20 7.52420214e-22 5.04580520e-23
 3.38376742e-24]","[   1.           -1.298048      1.68492861   -2.18711821    2.83898442
   -3.68513805    4.78348608   -6.20919453    8.05983255  -10.46204952
   13.58024245  -17.62780656   22.88173904  -29.7015956    38.55409677
  -50.0450682    64.96090069  -84.32236722  109.45448013 -142.07716902
  184.42298509]","[ 1.00000000e+00 -1.63433800e+00  2.67106070e+00 -4.36541600e+00
  7.13456525e+00 -1.16602911e+01  1.90568568e+01 -3.11453453e+01
  5.09020214e+01 -8.31911078e+01  1.35962389e+02 -2.22208498e+02
  3.63163793e+02 -5.93532387e+02  9.70032534e+02 -1.58536103e+03
  2.59101578e+03 -4.23459555e+03  6.92076041e+03 -1.13108617e+04
  1.84857711e+04]","[ 1.         -0.727636    0.52945415 -0.3852499   0.2803217  -0.20397216
  0.14841748 -0.1079939   0.07858025 -0.05717782  0.04160464 -0.03027303
  0.02202775 -0.01602818  0.01166268 -0.00848619  0.00617486 -0.00449305
  0.0032693  -0.00237886  0.00173095]","[1.00000000e+00 5.14267000e-01 2.64470547e-01 1.36008475e-01
 6.99446704e-02 3.59702358e-02 1.84983053e-02 9.51306795e-03
 4.89225692e-03 2.51592629e-03 1.29385786e-03 6.65388402e-04
 3.42187297e-04 1.75975635e-04 9.04984618e-05 4.65403725e-05
 2.39341777e-05 1.23085578e-05 6.32988508e-06 3.25525101e-06
 1.67406817e-06]","[ 1.00000000e+00 -3.79221000e-01  1.43808567e-01 -5.45352285e-02
  2.06809039e-02 -7.84263306e-03  2.97409115e-03 -1.12783782e-03
  4.27699786e-04 -1.62192741e-04  6.15068933e-05 -2.33247056e-05
  8.84521817e-06 -3.35429248e-06  1.27201815e-06 -4.82375994e-07
  1.82927107e-07 -6.93698004e-08  2.63064851e-08 -9.97597158e-09
  3.78309792e-09]"
"[  1.           1.24561      1.55154427   1.93261906   2.40728963
   2.99854403   3.73501643   4.65237382   5.79504335   7.21836395
   8.99126632  11.19961124  13.95034776  17.37669268  21.64458216
  26.96070799  33.58252748  41.83073205  52.10477815  64.90223272
  80.84287009 100.69868742]","[ 1.         -1.016511    1.03329461 -1.05035534  1.06769776 -1.08532652
  1.10324634 -1.12146204  1.1399785  -1.15880069  1.17793364 -1.19738251
  1.21715249 -1.23724889  1.25767711 -1.27844262  1.29955098 -1.32100787
  1.34281903 -1.36499032  1.38752767 -1.41043714]","[1.00000000e+00 3.05252000e-01 9.31787835e-02 2.84430100e-02
 8.68228570e-03 2.65028507e-03 8.09004819e-04 2.46950339e-04
 7.53820849e-05 2.30105322e-05 7.02401097e-06 2.14409340e-06
 6.54488797e-07 1.99784014e-07 6.09844700e-08 1.86156314e-08
 5.68245872e-09 1.73458189e-09 5.29484591e-10 1.61626230e-10
 4.93367301e-11 1.50601355e-11]","[ 1.         -1.104524    1.21997327 -1.34748975  1.48833477 -1.64390147
  1.81572863 -2.00551585  2.21514039 -2.44667573  2.70241206 -2.98487898
  3.29687047 -3.64147256  4.02209383 -4.44249917  4.90684695 -5.41973022
  5.9862221  -6.61192598  7.30303094 -8.06637294]","[ 1.         -0.785528    0.61705424 -0.48471338  0.38075593 -0.29909445
  0.23494706 -0.1845575   0.14497508 -0.11388199  0.08945749 -0.07027136
  0.05520012 -0.04336124  0.03406147 -0.02675624  0.02101777 -0.01651005
  0.01296911 -0.0101876   0.00800264 -0.0062863 ]","[1.00000000e+00 4.86322000e-01 2.36509088e-01 1.15019573e-01
 5.59365486e-02 2.72031742e-02 1.32295021e-02 6.43379790e-03
 3.12889746e-03 1.52165167e-03 7.40012685e-04 3.59884449e-04
 1.75019725e-04 8.51159427e-05 4.13937555e-05 2.01306940e-05
 9.78999934e-06 4.76109206e-06 2.31542381e-06 1.12604154e-06
 5.47618774e-07 2.66319057e-07]","[ 1.00000000e+00 -1.72092900e+00  2.96159662e+00 -5.09669751e+00
  8.77105456e+00 -1.50943621e+01  2.59763256e+01 -4.47034120e+01
  7.69313981e+01 -1.32393474e+02  2.27839769e+02 -3.92096065e+02
  6.74769490e+02 -1.16123038e+03  1.99839504e+03 -3.43909598e+03
  5.91844001e+03 -1.01852150e+04  1.75280319e+04 -3.01644985e+04
  5.19109602e+04 -8.93350768e+04]","[ 1.00000000e+00 -1.50237000e-01  2.25711562e-02 -3.39102279e-03
  5.09457091e-04 -7.65393050e-05  1.14990356e-05 -1.72758061e-06
  2.59546527e-07 -3.89934916e-08  5.85826520e-09 -8.80128189e-10
  1.32227819e-10 -1.98655108e-11  2.98453475e-12 -4.48387547e-13
  6.73643999e-14 -1.01206253e-14  1.52049239e-15 -2.28434215e-16
  3.43192712e-17 -5.15602434e-18]","[1.         1.065645   1.13559927 1.21014568 1.28958569 1.37424055
 1.46445257 1.56058656 1.66303126 1.77220095 1.88853708 2.01251009
 2.14462132 2.28540499 2.4354304  2.59530422 2.76567297 2.94722557
 3.1406962  3.3468672  3.56657229 3.80069993]","[ 1.00000000e+00 -2.72616000e-01  7.43194835e-02 -2.02606803e-02
  5.52338562e-03 -1.50576329e-03  4.10495166e-04 -1.11907550e-04
  3.05077887e-05 -8.31691133e-06  2.26732310e-06 -6.18108554e-07
  1.68506282e-07 -4.59375085e-08  1.25232998e-08 -3.41405190e-09
  9.30725173e-10 -2.53730574e-10  6.91710141e-11 -1.88571252e-11
  5.14075404e-12 -1.40145180e-12]","[ 1.00000000e+00 -1.40579400e+00  1.97625677e+00 -2.77820991e+00
  3.90559082e+00 -5.49045614e+00  7.71845031e+00 -1.08505511e+01
  1.52536397e+01 -2.14434751e+01  3.01451087e+01 -4.23778129e+01
  5.95744751e+01 -8.37494397e+01  1.17734460e+02 -1.65510397e+02
  2.32673523e+02 -3.27091043e+02  4.59822626e+02 -6.46415888e+02
  9.08727577e+02 -1.27748378e+03]","[ 1.00000000e+00 -1.97294600e+00  3.89251592e+00 -7.67972371e+00
  1.51516802e+01 -2.98934468e+01  5.89781563e+01 -1.16360718e+02
  2.29573412e+02 -4.52935945e+02  8.93618162e+02 -1.76306038e+03
  3.47842292e+03 -6.86274059e+03  1.35398166e+04 -2.67133270e+04
  5.27039516e+04 -1.03982051e+05  2.05150971e+05 -4.04751787e+05
  7.98553419e+05 -1.57550277e+06]","[ 1.00000000e+00 -3.26951000e-01  1.06896956e-01 -3.49500668e-02
  1.14269593e-02 -3.73605577e-03  1.22150717e-03 -3.99372990e-04
  1.30575399e-04 -4.26917571e-05  1.39581127e-05 -4.56361890e-06
  1.49207976e-06 -4.87836971e-07  1.59498785e-07 -5.21482874e-08
  1.70499347e-08 -5.57449320e-09  1.82258613e-09 -5.95896357e-10
  1.94828910e-10 -6.36995069e-11]","[1.         1.006105   1.01224727 1.01842704 1.02464454 1.03089999
 1.03719364 1.0435257  1.04989643 1.05630605 1.06275479 1.06924291
 1.07577064 1.08233822 1.0889459  1.09559391 1.10228251 1.10901195
 1.11578246 1.12259432 1.12944775 1.13634303]","[1.00000000e+00 6.70610000e-02 4.49717772e-03 3.01585235e-04
 2.02246075e-05 1.35628240e-06 9.09536541e-08 6.09944299e-09
 4.09034747e-10 2.74302791e-11 1.83950195e-12 1.23358840e-13
 8.27256719e-15 5.54766628e-16 3.72032048e-17 2.49488412e-18
 1.67309424e-19 1.12199373e-20 7.52420214e-22 5.04580520e-23
 3.38376742e-24 2.26918827e-25]","[   1.           -1.298048      1.68492861   -2.18711821    2.83898442
   -3.68513805    4.78348608   -6.20919453    8.05983255  -10.46204952
   13.58024245  -17.62780656   22.88173904  -29.7015956    38.55409677
  -50.0450682    64.96090069  -84.32236722  109.45448013 -142.07716902
  184.42298509 -239.38988695]","[ 1.00000000e+00 -1.63433800e+00  2.67106070e+00 -4.36541600e+00
  7.13456525e+00 -1.16602911e+01  1.90568568e+01 -3.11453453e+01
  5.09020214e+01 -8.31911078e+01  1.35962389e+02 -2.22208498e+02
  3.63163793e+02 -5.93532387e+02  9.70032534e+02 -1.58536103e+03
  2.59101578e+03 -4.23459555e+03  6.92076041e+03 -1.13108617e+04
  1.84857711e+04 -3.02119982e+04]","[ 1.         -0.727636    0.52945415 -0.3852499   0.2803217  -0.20397216
  0.14841748 -0.1079939   0.07858025 -0.05717782  0.04160464 -0.03027303
  0.02202775 -0.01602818  0.01166268 -0.00848619  0.00617486 -0.00449305
  0.0032693  -0.00237886  0.00173095 -0.0012595 ]","[1.00000000e+00 5.14267000e-01 2.64470547e-01 1.36008475e-01
 6.99446704e-02 3.59702358e-02 1.84983053e-02 9.51306795e-03
 4.89225692e-03 2.51592629e-03 1.29385786e-03 6.65388402e-04
 3.42187297e-04 1.75975635e-04 9.04984618e-05 4.65403725e-05
 2.39341777e-05 1.23085578e-05 6.32988508e-06 3.25525101e-06
 1.67406817e-06 8.60918016e-07]","[ 1.00000000e+00 -3.79221000e-01  1.43808567e-01 -5.45352285e-02
  2.06809039e-02 -7.84263306e-03  2.97409115e-03 -1.12783782e-03
  4.27699786e-04 -1.62192741e-04  6.15068933e-05 -2.33247056e-05
  8.84521817e-06 -3.35429248e-06  1.27201815e-06 -4.82375994e-07
  1.82927107e-07 -6.93698004e-08  2.63064851e-08 -9.97597158e-09
  3.78309792e-09 -1.43463018e-09]"
"[  1.           1.24561      1.55154427   1.93261906   2.40728963
   2.99854403   3.73501643   4.65237382   5.79504335   7.21836395
   8.99126632  11.19961124  13.95034776  17.37669268  21.64458216
  26.96070799  33.58252748  41.83073205  52.10477815  64.90223272
  80.84287009 100.69868742 125.43129203]","[ 1.         -1.016511    1.03329461 -1.05035534  1.06769776 -1.08532652
  1.10324634 -1.12146204  1.1399785  -1.15880069  1.17793364 -1.19738251
  1.21715249 -1.23724889  1.25767711 -1.27844262  1.29955098 -1.32100787
  1.34281903 -1.36499032  1.38752767 -1.41043714  1.43372487]","[1.00000000e+00 3.05252000e-01 9.31787835e-02 2.84430100e-02
 8.68228570e-03 2.65028507e-03 8.09004819e-04 2.46950339e-04
 7.53820849e-05 2.30105322e-05 7.02401097e-06 2.14409340e-06
 6.54488797e-07 1.99784014e-07 6.09844700e-08 1.86156314e-08
 5.68245872e-09 1.73458189e-09 5.29484591e-10 1.61626230e-10
 4.93367301e-11 1.50601355e-11 4.59713649e-12]","[ 1.         -1.104524    1.21997327 -1.34748975  1.48833477 -1.64390147
  1.81572863 -2.00551585  2.21514039 -2.44667573  2.70241206 -2.98487898
  3.29687047 -3.64147256  4.02209383 -4.44249917  4.90684695 -5.41973022
  5.9862221  -6.61192598  7.30303094 -8.06637294  8.90950251]","[ 1.         -0.785528    0.61705424 -0.48471338  0.38075593 -0.29909445
  0.23494706 -0.1845575   0.14497508 -0.11388199  0.08945749 -0.07027136
  0.05520012 -0.04336124  0.03406147 -0.02675624  0.02101777 -0.01651005
  0.01296911 -0.0101876   0.00800264 -0.0062863   0.00493806]","[1.00000000e+00 4.86322000e-01 2.36509088e-01 1.15019573e-01
 5.59365486e-02 2.72031742e-02 1.32295021e-02 6.43379790e-03
 3.12889746e-03 1.52165167e-03 7.40012685e-04 3.59884449e-04
 1.75019725e-04 8.51159427e-05 4.13937555e-05 2.01306940e-05
 9.78999934e-06 4.76109206e-06 2.31542381e-06 1.12604154e-06
 5.47618774e-07 2.66319057e-07 1.29516817e-07]","[ 1.00000000e+00 -1.72092900e+00  2.96159662e+00 -5.09669751e+00
  8.77105456e+00 -1.50943621e+01  2.59763256e+01 -4.47034120e+01
  7.69313981e+01 -1.32393474e+02  2.27839769e+02 -3.92096065e+02
  6.74769490e+02 -1.16123038e+03  1.99839504e+03 -3.43909598e+03
  5.91844001e+03 -1.01852150e+04  1.75280319e+04 -3.01644985e+04
  5.19109602e+04 -8.93350768e+04  1.53739324e+05]","[ 1.00000000e+00 -1.50237000e-01  2.25711562e-02 -3.39102279e-03
  5.09457091e-04 -7.65393050e-05  1.14990356e-05 -1.72758061e-06
  2.59546527e-07 -3.89934916e-08  5.85826520e-09 -8.80128189e-10
  1.32227819e-10 -1.98655108e-11  2.98453475e-12 -4.48387547e-13
  6.73643999e-14 -1.01206253e-14  1.52049239e-15 -2.28434215e-16
  3.43192712e-17 -5.15602434e-18  7.74625629e-19]","[1.         1.065645   1.13559927 1.21014568 1.28958569 1.37424055
 1.46445257 1.56058656 1.66303126 1.77220095 1.88853708 2.01251009
 2.14462132 2.28540499 2.4354304  2.59530422 2.76567297 2.94722557
 3.1406962  3.3468672  3.56657229 3.80069993 4.05019688]","[ 1.00000000e+00 -2.72616000e-01  7.43194835e-02 -2.02606803e-02
  5.52338562e-03 -1.50576329e-03  4.10495166e-04 -1.11907550e-04
  3.05077887e-05 -8.31691133e-06  2.26732310e-06 -6.18108554e-07
  1.68506282e-07 -4.59375085e-08  1.25232998e-08 -3.41405190e-09
  9.30725173e-10 -2.53730574e-10  6.91710141e-11 -1.88571252e-11
  5.14075404e-12 -1.40145180e-12  3.82058184e-13]","[ 1.00000000e+00 -1.40579400e+00  1.97625677e+00 -2.77820991e+00
  3.90559082e+00 -5.49045614e+00  7.71845031e+00 -1.08505511e+01
  1.52536397e+01 -2.14434751e+01  3.01451087e+01 -4.23778129e+01
  5.95744751e+01 -8.37494397e+01  1.17734460e+02 -1.65510397e+02
  2.32673523e+02 -3.27091043e+02  4.59822626e+02 -6.46415888e+02
  9.08727577e+02 -1.27748378e+03  1.79587903e+03]","[ 1.00000000e+00 -1.97294600e+00  3.89251592e+00 -7.67972371e+00
  1.51516802e+01 -2.98934468e+01  5.89781563e+01 -1.16360718e+02
  2.29573412e+02 -4.52935945e+02  8.93618162e+02 -1.76306038e+03
  3.47842292e+03 -6.86274059e+03  1.35398166e+04 -2.67133270e+04
  5.27039516e+04 -1.03982051e+05  2.05150971e+05 -4.04751787e+05
  7.98553419e+05 -1.57550277e+06  3.10838190e+06]","[ 1.00000000e+00 -3.26951000e-01  1.06896956e-01 -3.49500668e-02
  1.14269593e-02 -3.73605577e-03  1.22150717e-03 -3.99372990e-04
  1.30575399e-04 -4.26917571e-05  1.39581127e-05 -4.56361890e-06
  1.49207976e-06 -4.87836971e-07  1.59498785e-07 -5.21482874e-08
  1.70499347e-08 -5.57449320e-09  1.82258613e-09 -5.95896357e-10
  1.94828910e-10 -6.36995069e-11  2.08266175e-11]","[1.         1.006105   1.01224727 1.01842704 1.02464454 1.03089999
 1.03719364 1.0435257  1.04989643 1.05630605 1.06275479 1.06924291
 1.07577064 1.08233822 1.0889459  1.09559391 1.10228251 1.10901195
 1.11578246 1.12259432 1.12944775 1.13634303 1.14328041]","[1.00000000e+00 6.70610000e-02 4.49717772e-03 3.01585235e-04
 2.02246075e-05 1.35628240e-06 9.09536541e-08 6.09944299e-09
 4.09034747e-10 2.74302791e-11 1.83950195e-12 1.23358840e-13
 8.27256719e-15 5.54766628e-16 3.72032048e-17 2.49488412e-18
 1.67309424e-19 1.12199373e-20 7.52420214e-22 5.04580520e-23
 3.38376742e-24 2.26918827e-25 1.52174035e-26]","[   1.           -1.298048      1.68492861   -2.18711821    2.83898442
   -3.68513805    4.78348608   -6.20919453    8.05983255  -10.46204952
   13.58024245  -17.62780656   22.88173904  -29.7015956    38.55409677
  -50.0450682    64.96090069  -84.32236722  109.45448013 -142.07716902
  184.42298509 -239.38988695  310.73956398]","[ 1.00000000e+00 -1.63433800e+00  2.67106070e+00 -4.36541600e+00
  7.13456525e+00 -1.16602911e+01  1.90568568e+01 -3.11453453e+01
  5.09020214e+01 -8.31911078e+01  1.35962389e+02 -2.22208498e+02
  3.63163793e+02 -5.93532387e+02  9.70032534e+02 -1.58536103e+03
  2.59101578e+03 -4.23459555e+03  6.92076041e+03 -1.13108617e+04
  1.84857711e+04 -3.02119982e+04  4.93766168e+04]","[ 1.00000000e+00 -7.27636000e-01  5.29454148e-01 -3.85249899e-01
  2.80321695e-01 -2.03972157e-01  1.48417485e-01 -1.07993905e-01
  7.85802529e-02 -5.71778209e-02  4.16046409e-02 -3.02730345e-02
  2.20277497e-02 -1.60281837e-02  1.16626835e-02 -8.48618835e-03
  6.17485614e-03 -4.49304763e-03  3.26930320e-03 -2.37886270e-03
  1.73094614e-03 -1.25949873e-03  9.16456616e-04]","[1.00000000e+00 5.14267000e-01 2.64470547e-01 1.36008475e-01
 6.99446704e-02 3.59702358e-02 1.84983053e-02 9.51306795e-03
 4.89225692e-03 2.51592629e-03 1.29385786e-03 6.65388402e-04
 3.42187297e-04 1.75975635e-04 9.04984618e-05 4.65403725e-05
 2.39341777e-05 1.23085578e-05 6.32988508e-06 3.25525101e-06
 1.67406817e-06 8.60918016e-07 4.42741726e-07]","[ 1.00000000e+00 -3.79221000e-01  1.43808567e-01 -5.45352285e-02
  2.06809039e-02 -7.84263306e-03  2.97409115e-03 -1.12783782e-03
  4.27699786e-04 -1.62192741e-04  6.15068933e-05 -2.33247056e-05
  8.84521817e-06 -3.35429248e-06  1.27201815e-06 -4.82375994e-07
  1.82927107e-07 -6.93698004e-08  2.63064851e-08 -9.97597158e-09
  3.78309792e-09 -1.43463018e-09  5.44041890e-10]"
"[  1.           1.24561      1.55154427   1.93261906   2.40728963
   2.99854403   3.73501643   4.65237382   5.79504335   7.21836395
   8.99126632  11.19961124  13.95034776  17.37669268  21.64458216
  26.96070799  33.58252748  41.83073205  52.10477815  64.90223272
  80.84287009 100.69868742 125.43129203 156.23847167]","[ 1.         -1.016511    1.03329461 -1.05035534  1.06769776 -1.08532652
  1.10324634 -1.12146204  1.1399785  -1.15880069  1.17793364 -1.19738251
  1.21715249 -1.23724889  1.25767711 -1.27844262  1.29955098 -1.32100787
  1.34281903 -1.36499032  1.38752767 -1.41043714  1.43372487 -1.4573971 ]","[1.00000000e+00 3.05252000e-01 9.31787835e-02 2.84430100e-02
 8.68228570e-03 2.65028507e-03 8.09004819e-04 2.46950339e-04
 7.53820849e-05 2.30105322e-05 7.02401097e-06 2.14409340e-06
 6.54488797e-07 1.99784014e-07 6.09844700e-08 1.86156314e-08
 5.68245872e-09 1.73458189e-09 5.29484591e-10 1.61626230e-10
 4.93367301e-11 1.50601355e-11 4.59713649e-12 1.40328511e-12]","[ 1.         -1.104524    1.21997327 -1.34748975  1.48833477 -1.64390147
  1.81572863 -2.00551585  2.21514039 -2.44667573  2.70241206 -2.98487898
  3.29687047 -3.64147256  4.02209383 -4.44249917  4.90684695 -5.41973022
  5.9862221  -6.61192598  7.30303094 -8.06637294  8.90950251 -9.84075935]","[ 1.         -0.785528    0.61705424 -0.48471338  0.38075593 -0.29909445
  0.23494706 -0.1845575   0.14497508 -0.11388199  0.08945749 -0.07027136
  0.05520012 -0.04336124  0.03406147 -0.02675624  0.02101777 -0.01651005
  0.01296911 -0.0101876   0.00800264 -0.0062863   0.00493806 -0.00387899]","[1.00000000e+00 4.86322000e-01 2.36509088e-01 1.15019573e-01
 5.59365486e-02 2.72031742e-02 1.32295021e-02 6.43379790e-03
 3.12889746e-03 1.52165167e-03 7.40012685e-04 3.59884449e-04
 1.75019725e-04 8.51159427e-05 4.13937555e-05 2.01306940e-05
 9.78999934e-06 4.76109206e-06 2.31542381e-06 1.12604154e-06
 5.47618774e-07 2.66319057e-07 1.29516817e-07 6.29868773e-08]","[ 1.00000000e+00 -1.72092900e+00  2.96159662e+00 -5.09669751e+00
  8.77105456e+00 -1.50943621e+01  2.59763256e+01 -4.47034120e+01
  7.69313981e+01 -1.32393474e+02  2.27839769e+02 -3.92096065e+02
  6.74769490e+02 -1.16123038e+03  1.99839504e+03 -3.43909598e+03
  5.91844001e+03 -1.01852150e+04  1.75280319e+04 -3.01644985e+04
  5.19109602e+04 -8.93350768e+04  1.53739324e+05 -2.64574462e+05]","[ 1.00000000e+00 -1.50237000e-01  2.25711562e-02 -3.39102279e-03
  5.09457091e-04 -7.65393050e-05  1.14990356e-05 -1.72758061e-06
  2.59546527e-07 -3.89934916e-08  5.85826520e-09 -8.80128189e-10
  1.32227819e-10 -1.98655108e-11  2.98453475e-12 -4.48387547e-13
  6.73643999e-14 -1.01206253e-14  1.52049239e-15 -2.28434215e-16
  3.43192712e-17 -5.15602434e-18  7.74625629e-19 -1.16377431e-19]","[1.         1.065645   1.13559927 1.21014568 1.28958569 1.37424055
 1.46445257 1.56058656 1.66303126 1.77220095 1.88853708 2.01251009
 2.14462132 2.28540499 2.4354304  2.59530422 2.76567297 2.94722557
 3.1406962  3.3468672  3.56657229 3.80069993 4.05019688 4.31607205]","[ 1.00000000e+00 -2.72616000e-01  7.43194835e-02 -2.02606803e-02
  5.52338562e-03 -1.50576329e-03  4.10495166e-04 -1.11907550e-04
  3.05077887e-05 -8.31691133e-06  2.26732310e-06 -6.18108554e-07
  1.68506282e-07 -4.59375085e-08  1.25232998e-08 -3.41405190e-09
  9.30725173e-10 -2.53730574e-10  6.91710141e-11 -1.88571252e-11
  5.14075404e-12 -1.40145180e-12  3.82058184e-13 -1.04155174e-13]","[ 1.00000000e+00 -1.40579400e+00  1.97625677e+00 -2.77820991e+00
  3.90559082e+00 -5.49045614e+00  7.71845031e+00 -1.08505511e+01
  1.52536397e+01 -2.14434751e+01  3.01451087e+01 -4.23778129e+01
  5.95744751e+01 -8.37494397e+01  1.17734460e+02 -1.65510397e+02
  2.32673523e+02 -3.27091043e+02  4.59822626e+02 -6.46415888e+02
  9.08727577e+02 -1.27748378e+03  1.79587903e+03 -2.52463596e+03]","[ 1.00000000e+00 -1.97294600e+00  3.89251592e+00 -7.67972371e+00
  1.51516802e+01 -2.98934468e+01  5.89781563e+01 -1.16360718e+02
  2.29573412e+02 -4.52935945e+02  8.93618162e+02 -1.76306038e+03
  3.47842292e+03 -6.86274059e+03  1.35398166e+04 -2.67133270e+04
  5.27039516e+04 -1.03982051e+05  2.05150971e+05 -4.04751787e+05
  7.98553419e+05 -1.57550277e+06  3.10838190e+06 -6.13266963e+06]","[ 1.00000000e+00 -3.26951000e-01  1.06896956e-01 -3.49500668e-02
  1.14269593e-02 -3.73605577e-03  1.22150717e-03 -3.99372990e-04
  1.30575399e-04 -4.26917571e-05  1.39581127e-05 -4.56361890e-06
  1.49207976e-06 -4.87836971e-07  1.59498785e-07 -5.21482874e-08
  1.70499347e-08 -5.57449320e-09  1.82258613e-09 -5.95896357e-10
  1.94828910e-10 -6.36995069e-11  2.08266175e-11 -6.80928341e-12]","[1.         1.006105   1.01224727 1.01842704 1.02464454 1.03089999
 1.03719364 1.0435257  1.04989643 1.05630605 1.06275479 1.06924291
 1.07577064 1.08233822 1.0889459  1.09559391 1.10228251 1.10901195
 1.11578246 1.12259432 1.12944775 1.13634303 1.14328041 1.15026013]","[1.00000000e+00 6.70610000e-02 4.49717772e-03 3.01585235e-04
 2.02246075e-05 1.35628240e-06 9.09536541e-08 6.09944299e-09
 4.09034747e-10 2.74302791e-11 1.83950195e-12 1.23358840e-13
 8.27256719e-15 5.54766628e-16 3.72032048e-17 2.49488412e-18
 1.67309424e-19 1.12199373e-20 7.52420214e-22 5.04580520e-23
 3.38376742e-24 2.26918827e-25 1.52174035e-26 1.02049429e-27]","[   1.           -1.298048      1.68492861   -2.18711821    2.83898442
   -3.68513805    4.78348608   -6.20919453    8.05983255  -10.46204952
   13.58024245  -17.62780656   22.88173904  -29.7015956    38.55409677
  -50.0450682    64.96090069  -84.32236722  109.45448013 -142.07716902
  184.42298509 -239.38988695  310.73956398 -403.35486954]","[ 1.00000000e+00 -1.63433800e+00  2.67106070e+00 -4.36541600e+00
  7.13456525e+00 -1.16602911e+01  1.90568568e+01 -3.11453453e+01
  5.09020214e+01 -8.31911078e+01  1.35962389e+02 -2.22208498e+02
  3.63163793e+02 -5.93532387e+02  9.70032534e+02 -1.58536103e+03
  2.59101578e+03 -4.23459555e+03  6.92076041e+03 -1.13108617e+04
  1.84857711e+04 -3.02119982e+04  4.93766168e+04 -8.06980811e+04]","[ 1.00000000e+00 -7.27636000e-01  5.29454148e-01 -3.85249899e-01
  2.80321695e-01 -2.03972157e-01  1.48417485e-01 -1.07993905e-01
  7.85802529e-02 -5.71778209e-02  4.16046409e-02 -3.02730345e-02
  2.20277497e-02 -1.60281837e-02  1.16626835e-02 -8.48618835e-03
  6.17485614e-03 -4.49304763e-03  3.26930320e-03 -2.37886270e-03
  1.73094614e-03 -1.25949873e-03  9.16456616e-04 -6.66846826e-04]","[1.00000000e+00 5.14267000e-01 2.64470547e-01 1.36008475e-01
 6.99446704e-02 3.59702358e-02 1.84983053e-02 9.51306795e-03
 4.89225692e-03 2.51592629e-03 1.29385786e-03 6.65388402e-04
 3.42187297e-04 1.75975635e-04 9.04984618e-05 4.65403725e-05
 2.39341777e-05 1.23085578e-05 6.32988508e-06 3.25525101e-06
 1.67406817e-06 8.60918016e-07 4.42741726e-07 2.27687459e-07]","[ 1.00000000e+00 -3.79221000e-01  1.43808567e-01 -5.45352285e-02
  2.06809039e-02 -7.84263306e-03  2.97409115e-03 -1.12783782e-03
  4.27699786e-04 -1.62192741e-04  6.15068933e-05 -2.33247056e-05
  8.84521817e-06 -3.35429248e-06  1.27201815e-06 -4.82375994e-07
  1.82927107e-07 -6.93698004e-08  2.63064851e-08 -9.97597158e-09
  3.78309792e-09 -1.43463018e-09  5.44041890e-10 -2.06312110e-10]"
"[  1.           1.24561      1.55154427   1.93261906   2.40728963
   2.99854403   3.73501643   4.65237382   5.79504335   7.21836395
   8.99126632  11.19961124  13.95034776  17.37669268  21.64458216
  26.96070799  33.58252748  41.83073205  52.10477815  64.90223272
  80.84287009 100.69868742 125.43129203 156.23847167 194.6122027 ]","[ 1.         -1.016511    1.03329461 -1.05035534  1.06769776 -1.08532652
  1.10324634 -1.12146204  1.1399785  -1.15880069  1.17793364 -1.19738251
  1.21715249 -1.23724889  1.25767711 -1.27844262  1.29955098 -1.32100787
  1.34281903 -1.36499032  1.38752767 -1.41043714  1.43372487 -1.4573971
  1.48146018]","[1.00000000e+00 3.05252000e-01 9.31787835e-02 2.84430100e-02
 8.68228570e-03 2.65028507e-03 8.09004819e-04 2.46950339e-04
 7.53820849e-05 2.30105322e-05 7.02401097e-06 2.14409340e-06
 6.54488797e-07 1.99784014e-07 6.09844700e-08 1.86156314e-08
 5.68245872e-09 1.73458189e-09 5.29484591e-10 1.61626230e-10
 4.93367301e-11 1.50601355e-11 4.59713649e-12 1.40328511e-12
 4.28355586e-13]","[ 1.         -1.104524    1.21997327 -1.34748975  1.48833477 -1.64390147
  1.81572863 -2.00551585  2.21514039 -2.44667573  2.70241206 -2.98487898
  3.29687047 -3.64147256  4.02209383 -4.44249917  4.90684695 -5.41973022
  5.9862221  -6.61192598  7.30303094 -8.06637294  8.90950251 -9.84075935
 10.86935488]","[ 1.         -0.785528    0.61705424 -0.48471338  0.38075593 -0.29909445
  0.23494706 -0.1845575   0.14497508 -0.11388199  0.08945749 -0.07027136
  0.05520012 -0.04336124  0.03406147 -0.02675624  0.02101777 -0.01651005
  0.01296911 -0.0101876   0.00800264 -0.0062863   0.00493806 -0.00387899
  0.00304705]","[1.00000000e+00 4.86322000e-01 2.36509088e-01 1.15019573e-01
 5.59365486e-02 2.72031742e-02 1.32295021e-02 6.43379790e-03
 3.12889746e-03 1.52165167e-03 7.40012685e-04 3.59884449e-04
 1.75019725e-04 8.51159427e-05 4.13937555e-05 2.01306940e-05
 9.78999934e-06 4.76109206e-06 2.31542381e-06 1.12604154e-06
 5.47618774e-07 2.66319057e-07 1.29516817e-07 6.29868773e-08
 3.06319041e-08]","[ 1.00000000e+00 -1.72092900e+00  2.96159662e+00 -5.09669751e+00
  8.77105456e+00 -1.50943621e+01  2.59763256e+01 -4.47034120e+01
  7.69313981e+01 -1.32393474e+02  2.27839769e+02 -3.92096065e+02
  6.74769490e+02 -1.16123038e+03  1.99839504e+03 -3.43909598e+03
  5.91844001e+03 -1.01852150e+04  1.75280319e+04 -3.01644985e+04
  5.19109602e+04 -8.93350768e+04  1.53739324e+05 -2.64574462e+05
  4.55313864e+05]","[ 1.00000000e+00 -1.50237000e-01  2.25711562e-02 -3.39102279e-03
  5.09457091e-04 -7.65393050e-05  1.14990356e-05 -1.72758061e-06
  2.59546527e-07 -3.89934916e-08  5.85826520e-09 -8.80128189e-10
  1.32227819e-10 -1.98655108e-11  2.98453475e-12 -4.48387547e-13
  6.73643999e-14 -1.01206253e-14  1.52049239e-15 -2.28434215e-16
  3.43192712e-17 -5.15602434e-18  7.74625629e-19 -1.16377431e-19
  1.74841961e-20]","[1.         1.065645   1.13559927 1.21014568 1.28958569 1.37424055
 1.46445257 1.56058656 1.66303126 1.77220095 1.88853708 2.01251009
 2.14462132 2.28540499 2.4354304  2.59530422 2.76567297 2.94722557
 3.1406962  3.3468672  3.56657229 3.80069993 4.05019688 4.31607205
 4.5994006 ]","[ 1.00000000e+00 -2.72616000e-01  7.43194835e-02 -2.02606803e-02
  5.52338562e-03 -1.50576329e-03  4.10495166e-04 -1.11907550e-04
  3.05077887e-05 -8.31691133e-06  2.26732310e-06 -6.18108554e-07
  1.68506282e-07 -4.59375085e-08  1.25232998e-08 -3.41405190e-09
  9.30725173e-10 -2.53730574e-10  6.91710141e-11 -1.88571252e-11
  5.14075404e-12 -1.40145180e-12  3.82058184e-13 -1.04155174e-13
  2.83943669e-14]","[ 1.00000000e+00 -1.40579400e+00  1.97625677e+00 -2.77820991e+00
  3.90559082e+00 -5.49045614e+00  7.71845031e+00 -1.08505511e+01
  1.52536397e+01 -2.14434751e+01  3.01451087e+01 -4.23778129e+01
  5.95744751e+01 -8.37494397e+01  1.17734460e+02 -1.65510397e+02
  2.32673523e+02 -3.27091043e+02  4.59822626e+02 -6.46415888e+02
  9.08727577e+02 -1.27748378e+03  1.79587903e+03 -2.52463596e+03
  3.54911809e+03]","[ 1.00000000e+00 -1.97294600e+00  3.89251592e+00 -7.67972371e+00
  1.51516802e+01 -2.98934468e+01  5.89781563e+01 -1.16360718e+02
  2.29573412e+02 -4.52935945e+02  8.93618162e+02 -1.76306038e+03
  3.47842292e+03 -6.86274059e+03  1.35398166e+04 -2.67133270e+04
  5.27039516e+04 -1.03982051e+05  2.05150971e+05 -4.04751787e+05
  7.98553419e+05 -1.57550277e+06  3.10838190e+06 -6.13266963e+06
  1.20994260e+07]","[ 1.00000000e+00 -3.26951000e-01  1.06896956e-01 -3.49500668e-02
  1.14269593e-02 -3.73605577e-03  1.22150717e-03 -3.99372990e-04
  1.30575399e-04 -4.26917571e-05  1.39581127e-05 -4.56361890e-06
  1.49207976e-06 -4.87836971e-07  1.59498785e-07 -5.21482874e-08
  1.70499347e-08 -5.57449320e-09  1.82258613e-09 -5.95896357e-10
  1.94828910e-10 -6.36995069e-11  2.08266175e-11 -6.80928341e-12
  2.22630202e-12]","[1.         1.006105   1.01224727 1.01842704 1.02464454 1.03089999
 1.03719364 1.0435257  1.04989643 1.05630605 1.06275479 1.06924291
 1.07577064 1.08233822 1.0889459  1.09559391 1.10228251 1.10901195
 1.11578246 1.12259432 1.12944775 1.13634303 1.14328041 1.15026013
 1.15728247]","[1.00000000e+00 6.70610000e-02 4.49717772e-03 3.01585235e-04
 2.02246075e-05 1.35628240e-06 9.09536541e-08 6.09944299e-09
 4.09034747e-10 2.74302791e-11 1.83950195e-12 1.23358840e-13
 8.27256719e-15 5.54766628e-16 3.72032048e-17 2.49488412e-18
 1.67309424e-19 1.12199373e-20 7.52420214e-22 5.04580520e-23
 3.38376742e-24 2.26918827e-25 1.52174035e-26 1.02049429e-27
 6.84353679e-29]","[   1.           -1.298048      1.68492861   -2.18711821    2.83898442
   -3.68513805    4.78348608   -6.20919453    8.05983255  -10.46204952
   13.58024245  -17.62780656   22.88173904  -29.7015956    38.55409677
  -50.0450682    64.96090069  -84.32236722  109.45448013 -142.07716902
  184.42298509 -239.38988695  310.73956398 -403.35486954  523.5739817 ]","[ 1.00000000e+00 -1.63433800e+00  2.67106070e+00 -4.36541600e+00
  7.13456525e+00 -1.16602911e+01  1.90568568e+01 -3.11453453e+01
  5.09020214e+01 -8.31911078e+01  1.35962389e+02 -2.22208498e+02
  3.63163793e+02 -5.93532387e+02  9.70032534e+02 -1.58536103e+03
  2.59101578e+03 -4.23459555e+03  6.92076041e+03 -1.13108617e+04
  1.84857711e+04 -3.02119982e+04  4.93766168e+04 -8.06980811e+04
  1.31887940e+05]","[ 1.00000000e+00 -7.27636000e-01  5.29454148e-01 -3.85249899e-01
  2.80321695e-01 -2.03972157e-01  1.48417485e-01 -1.07993905e-01
  7.85802529e-02 -5.71778209e-02  4.16046409e-02 -3.02730345e-02
  2.20277497e-02 -1.60281837e-02  1.16626835e-02 -8.48618835e-03
  6.17485614e-03 -4.49304763e-03  3.26930320e-03 -2.37886270e-03
  1.73094614e-03 -1.25949873e-03  9.16456616e-04 -6.66846826e-04
  4.85221757e-04]","[1.00000000e+00 5.14267000e-01 2.64470547e-01 1.36008475e-01
 6.99446704e-02 3.59702358e-02 1.84983053e-02 9.51306795e-03
 4.89225692e-03 2.51592629e-03 1.29385786e-03 6.65388402e-04
 3.42187297e-04 1.75975635e-04 9.04984618e-05 4.65403725e-05
 2.39341777e-05 1.23085578e-05 6.32988508e-06 3.25525101e-06
 1.67406817e-06 8.60918016e-07 4.42741726e-07 2.27687459e-07
 1.17092146e-07]","[ 1.00000000e+00 -3.79221000e-01  1.43808567e-01 -5.45352285e-02
  2.06809039e-02 -7.84263306e-03  2.97409115e-03 -1.12783782e-03
  4.27699786e-04 -1.62192741e-04  6.15068933e-05 -2.33247056e-05
  8.84521817e-06 -3.35429248e-06  1.27201815e-06 -4.82375994e-07
  1.82927107e-07 -6.93698004e-08  2.63064851e-08 -9.97597158e-09
  3.78309792e-09 -1.43463018e-09  5.44041890e-10 -2.06312110e-10
  7.82378845e-11]"
